                                       S                T      L
0          [0, 0, 0, 107, 317, 387, 426]        [0, 0, 0]    [3]
1        [0, 0, 107, 317, 387, 426, 108]        [0, 0, 3]  [255]
2      [0, 107, 317, 387, 426, 108, 390]      [0, 3, 255]  [340]
3      [0, 107, 317, 387, 426, 108, 390]    [3, 255, 340]    [3]
4     [107, 317, 387, 426, 108, 390, 25]    [255, 340, 3]  [178]
5     [317, 387, 426, 108, 390, 25, 106]    [340, 3, 178]  [231]
6     [317, 387, 426, 108, 390, 25, 106]    [3, 178, 231]    [3]
7      [387, 426, 108, 390, 25, 106, 98]    [178, 231, 3]  [281]
8        [426, 108, 390, 25, 106, 98, 1]    [231, 3, 281]  [233]
9          [108, 390, 25, 106, 98, 1, 1]    [3, 281, 233]    [3]
10           [390, 25, 106, 98, 1, 1, 1]    [281, 233, 3]   [89]
11           [390, 25, 106, 98, 1, 1, 1]     [233, 3, 89]   [41]
12             [25, 106, 98, 1, 1, 1, 1]      [3, 89, 41]    [1]
13         [0, 0, 0, 106, 293, 383, 219]        [0, 0, 0]    [3]
14       [0, 0, 106, 293, 383, 219, 110]        [0, 0, 3]  [133]
15      [0, 106, 293, 383, 219, 110, 54]      [0, 3, 133]  [262]
16    [106, 293, 383, 219, 110, 54, 192]    [3, 133, 262]  [266]
17     [293, 383, 219, 110, 54, 192, 53]  [133, 262, 266]   [23]
18       [383, 219, 110, 54, 192, 53, 1]   [262, 266, 23]    [3]
19         [219, 110, 54, 192, 53, 1, 1]     [266, 23, 3]  [266]
20           [110, 54, 192, 53, 1, 1, 1]     [23, 3, 266]  [147]
21             [54, 192, 53, 1, 1, 1, 1]    [3, 266, 147]    [1]
22         [0, 0, 0, 106, 275, 248, 107]        [0, 0, 0]    [3]
23       [0, 0, 106, 275, 248, 107, 133]        [0, 0, 3]  [204]
24     [0, 106, 275, 248, 107, 133, 203]      [0, 3, 204]   [72]
25   [106, 275, 248, 107, 133, 203, 411]     [3, 204, 72]  [370]
26   [275, 248, 107, 133, 203, 411, 118]   [204, 72, 370]    [3]
27   [248, 107, 133, 203, 411, 118, 109]     [72, 370, 3]   [70]
28   [107, 133, 203, 411, 118, 109, 462]     [370, 3, 70]   [11]
29     [133, 203, 411, 118, 109, 462, 1]      [3, 70, 11]  [276]
30       [203, 411, 118, 109, 462, 1, 1]    [70, 11, 276]   [10]
31         [411, 118, 109, 462, 1, 1, 1]    [11, 276, 10]  [245]
32           [118, 109, 462, 1, 1, 1, 1]   [276, 10, 245]    [1]
33         [0, 0, 0, 107, 184, 158, 464]        [0, 0, 0]    [3]
34       [0, 0, 107, 184, 158, 464, 109]        [0, 0, 3]  [144]
35     [0, 107, 184, 158, 464, 109, 366]      [0, 3, 144]  [230]
36     [0, 107, 184, 158, 464, 109, 366]    [3, 144, 230]  [253]
37    [107, 184, 158, 464, 109, 366, 72]  [144, 230, 253]  [378]
38      [184, 158, 464, 109, 366, 72, 1]  [230, 253, 378]    [4]
39        [158, 464, 109, 366, 72, 1, 1]    [253, 378, 4]    [3]
40        [158, 464, 109, 366, 72, 1, 1]      [378, 4, 3]  [283]
41          [464, 109, 366, 72, 1, 1, 1]      [4, 3, 283]   [54]
42            [109, 366, 72, 1, 1, 1, 1]     [3, 283, 54]    [1]
43           [0, 0, 0, 106, 230, 275, 8]        [0, 0, 0]  [402]
44          [0, 0, 106, 230, 275, 8, 11]      [0, 0, 402]  [204]
45        [0, 106, 230, 275, 8, 11, 108]    [0, 402, 204]    [9]
46      [230, 275, 8, 11, 108, 395, 286]    [402, 204, 9]  [233]
47      [275, 8, 11, 108, 395, 286, 443]    [204, 9, 233]    [3]
48      [8, 11, 108, 395, 286, 443, 342]      [9, 233, 3]  [391]
49    [11, 108, 395, 286, 443, 342, 221]    [233, 3, 391]   [33]
50   [108, 395, 286, 443, 342, 221, 107]     [3, 391, 33]  [103]
51   [286, 443, 342, 221, 107, 246, 414]   [391, 33, 103]    [3]
52   [443, 342, 221, 107, 246, 414, 108]     [33, 103, 3]  [311]
53   [342, 221, 107, 246, 414, 108, 396]    [103, 3, 311]  [366]
54   [221, 107, 246, 414, 108, 396, 352]    [3, 311, 366]    [3]
55       [246, 414, 108, 396, 352, 1, 1]    [311, 366, 3]   [33]
56         [414, 108, 396, 352, 1, 1, 1]     [366, 3, 33]  [365]
57           [108, 396, 352, 1, 1, 1, 1]     [3, 33, 365]    [1]
58         [0, 0, 0, 106, 275, 175, 110]        [0, 0, 0]    [3]
59       [0, 0, 106, 275, 175, 110, 284]        [0, 0, 3]  [204]
60     [0, 106, 275, 175, 110, 284, 107]      [0, 3, 204]  [171]
61   [106, 275, 175, 110, 284, 107, 430]    [3, 204, 171]  [254]
62    [275, 175, 110, 284, 107, 430, 25]  [204, 171, 254]  [122]
63    [175, 110, 284, 107, 430, 25, 108]  [171, 254, 122]    [3]
64    [110, 284, 107, 430, 25, 108, 205]    [254, 122, 3]   [83]
65    [284, 107, 430, 25, 108, 205, 112]     [122, 3, 83]  [233]
66      [107, 430, 25, 108, 205, 112, 1]     [3, 83, 233]    [3]
67        [430, 25, 108, 205, 112, 1, 1]     [83, 233, 3]  [343]
68          [25, 108, 205, 112, 1, 1, 1]    [233, 3, 343]  [368]
69           [108, 205, 112, 1, 1, 1, 1]    [3, 343, 368]    [1]
70            [0, 0, 0, 106, 228, 2, 92]        [0, 0, 0]    [3]
71          [0, 0, 106, 228, 2, 92, 106]        [0, 0, 3]  [402]
72        [0, 106, 228, 2, 92, 106, 299]      [0, 3, 402]   [50]
73      [106, 228, 2, 92, 106, 299, 406]     [3, 402, 50]  [285]
74        [228, 2, 92, 106, 299, 406, 2]   [402, 50, 285]   [96]
75        [2, 92, 106, 299, 406, 2, 331]    [50, 285, 96]    [3]
76      [92, 106, 299, 406, 2, 331, 464]     [285, 96, 3]  [111]
77     [106, 299, 406, 2, 331, 464, 106]     [96, 3, 111]    [2]
78     [299, 406, 2, 331, 464, 106, 128]      [3, 111, 2]  [386]
79       [406, 2, 331, 464, 106, 128, 1]    [111, 2, 386]    [3]
80         [2, 331, 464, 106, 128, 1, 1]      [2, 386, 3]  [220]
81         [331, 464, 106, 128, 1, 1, 1]    [386, 3, 220]  [337]
82           [464, 106, 128, 1, 1, 1, 1]    [3, 220, 337]    [1]
83           [0, 0, 0, 116, 2, 435, 411]        [0, 0, 0]   [99]
84         [0, 0, 116, 2, 435, 411, 200]       [0, 0, 99]    [2]
85       [0, 116, 2, 435, 411, 200, 273]       [0, 99, 2]  [384]
86      [2, 435, 411, 200, 273, 97, 313]     [99, 2, 384]   [11]
87    [435, 411, 200, 273, 97, 313, 457]     [2, 384, 11]  [306]
88    [411, 200, 273, 97, 313, 457, 108]   [384, 11, 306]  [202]
89    [200, 273, 97, 313, 457, 108, 189]   [11, 306, 202]  [351]
90      [97, 313, 457, 108, 189, 320, 2]  [306, 202, 351]    [3]
91     [313, 457, 108, 189, 320, 2, 410]    [202, 351, 3]  [139]
92      [457, 108, 189, 320, 2, 410, 29]    [351, 3, 139]  [317]
93      [108, 189, 320, 2, 410, 29, 380]    [3, 139, 317]    [3]
94          [320, 2, 410, 29, 380, 1, 1]    [139, 317, 3]  [355]
95            [2, 410, 29, 380, 1, 1, 1]    [317, 3, 355]  [240]
96            [410, 29, 380, 1, 1, 1, 1]    [3, 355, 240]    [1]
97          [0, 0, 0, 106, 245, 31, 286]        [0, 0, 0]    [3]
98         [0, 0, 106, 245, 31, 286, 56]        [0, 0, 3]  [402]
99       [0, 106, 245, 31, 286, 56, 353]      [0, 3, 402]   [25]
100    [106, 245, 31, 286, 56, 353, 194]     [3, 402, 25]  [386]
101    [106, 245, 31, 286, 56, 353, 194]   [402, 25, 386]   [46]
102    [245, 31, 286, 56, 353, 194, 109]    [25, 386, 46]  [308]
103    [31, 286, 56, 353, 194, 109, 356]   [386, 46, 308]  [151]
104   [286, 56, 353, 194, 109, 356, 218]   [46, 308, 151]    [3]
105   [56, 353, 194, 109, 356, 218, 291]    [308, 151, 3]  [248]
106  [353, 194, 109, 356, 218, 291, 411]    [151, 3, 248]  [166]
107  [194, 109, 356, 218, 291, 411, 355]    [3, 248, 166]  [162]
108    [109, 356, 218, 291, 411, 355, 1]  [248, 166, 162]  [216]
109    [109, 356, 218, 291, 411, 355, 1]  [166, 162, 216]   [11]
110      [356, 218, 291, 411, 355, 1, 1]   [162, 216, 11]  [171]
111        [218, 291, 411, 355, 1, 1, 1]   [216, 11, 171]  [307]
112          [291, 411, 355, 1, 1, 1, 1]   [11, 171, 307]    [1]
113        [0, 0, 0, 106, 275, 411, 107]        [0, 0, 0]    [3]
114      [0, 0, 106, 275, 411, 107, 142]        [0, 0, 3]  [204]
115    [0, 106, 275, 411, 107, 142, 157]      [0, 3, 204]   [11]
116  [106, 275, 411, 107, 142, 157, 459]     [3, 204, 11]  [395]
117   [275, 411, 107, 142, 157, 459, 94]   [204, 11, 395]  [377]
118   [107, 142, 157, 459, 94, 397, 114]   [11, 395, 377]   [96]
119     [142, 157, 459, 94, 397, 114, 1]   [395, 377, 96]  [346]
120       [157, 459, 94, 397, 114, 1, 1]   [377, 96, 346]  [328]
121         [459, 94, 397, 114, 1, 1, 1]   [96, 346, 328]  [357]
122           [94, 397, 114, 1, 1, 1, 1]  [346, 328, 357]    [1]
123        [0, 0, 0, 107, 142, 202, 110]        [0, 0, 0]    [3]
124       [0, 0, 107, 142, 202, 110, 73]        [0, 0, 3]  [395]
125      [0, 107, 142, 202, 110, 73, 81]      [0, 3, 395]  [171]
126    [107, 142, 202, 110, 73, 81, 269]    [3, 395, 171]  [310]
127    [142, 202, 110, 73, 81, 269, 446]  [395, 171, 310]   [11]
128    [202, 110, 73, 81, 269, 446, 271]   [171, 310, 11]  [277]
129    [110, 73, 81, 269, 446, 271, 411]   [310, 11, 277]    [3]
130    [110, 73, 81, 269, 446, 271, 411]     [11, 277, 3]  [225]
131    [73, 81, 269, 446, 271, 411, 268]    [277, 3, 225]   [34]
132   [81, 269, 446, 271, 411, 268, 454]     [3, 225, 34]    [3]
133    [269, 446, 271, 411, 268, 454, 1]     [225, 34, 3]   [57]
134      [446, 271, 411, 268, 454, 1, 1]      [34, 3, 57]  [193]
135        [271, 411, 268, 454, 1, 1, 1]     [3, 57, 193]    [5]
136          [411, 268, 454, 1, 1, 1, 1]     [57, 193, 5]    [1]
137         [0, 0, 0, 461, 265, 59, 464]        [0, 0, 0]  [364]
138       [0, 0, 461, 265, 59, 464, 107]      [0, 0, 364]  [253]
139     [0, 461, 265, 59, 464, 107, 403]    [0, 364, 253]  [198]
140   [461, 265, 59, 464, 107, 403, 279]  [364, 253, 198]  [244]
141     [265, 59, 464, 107, 403, 279, 1]  [253, 198, 244]    [3]
142       [59, 464, 107, 403, 279, 1, 1]    [198, 244, 3]  [345]
143        [464, 107, 403, 279, 1, 1, 1]    [244, 3, 345]  [380]
144          [107, 403, 279, 1, 1, 1, 1]    [3, 345, 380]    [1]
145         [0, 0, 0, 107, 83, 286, 110]        [0, 0, 0]    [3]
146       [0, 0, 107, 83, 286, 110, 195]        [0, 0, 3]  [185]
147     [0, 107, 83, 286, 110, 195, 377]      [0, 3, 185]  [386]
148   [107, 83, 286, 110, 195, 377, 286]    [3, 185, 386]    [3]
149   [107, 83, 286, 110, 195, 377, 286]    [185, 386, 3]   [49]
150    [83, 286, 110, 195, 377, 286, 91]     [386, 3, 49]  [171]
151   [286, 110, 195, 377, 286, 91, 212]     [3, 49, 171]  [305]
152   [110, 195, 377, 286, 91, 212, 218]   [49, 171, 305]   [96]
153   [195, 377, 286, 91, 212, 218, 357]   [171, 305, 96]  [393]
154    [377, 286, 91, 212, 218, 357, 82]   [305, 96, 393]  [159]
155      [286, 91, 212, 218, 357, 82, 1]   [96, 393, 159]  [149]
156      [286, 91, 212, 218, 357, 82, 1]  [393, 159, 149]  [233]
157        [91, 212, 218, 357, 82, 1, 1]  [159, 149, 233]  [159]
158         [212, 218, 357, 82, 1, 1, 1]  [149, 233, 159]  [186]
159           [218, 357, 82, 1, 1, 1, 1]  [233, 159, 186]    [1]
160           [0, 0, 0, 100, 20, 19, 25]        [0, 0, 0]  [353]
161         [0, 0, 100, 20, 19, 25, 108]      [0, 0, 353]  [398]
162       [0, 100, 20, 19, 25, 108, 285]    [0, 353, 398]   [16]
163       [100, 20, 19, 25, 108, 285, 1]   [353, 398, 16]  [399]
164       [100, 20, 19, 25, 108, 285, 1]   [398, 16, 399]  [233]
165         [20, 19, 25, 108, 285, 1, 1]   [16, 399, 233]    [3]
166          [19, 25, 108, 285, 1, 1, 1]    [399, 233, 3]  [213]
167           [25, 108, 285, 1, 1, 1, 1]    [233, 3, 213]    [1]
168        [0, 0, 0, 107, 142, 286, 166]        [0, 0, 0]    [3]
169      [0, 0, 107, 142, 286, 166, 225]        [0, 0, 3]  [395]
170    [0, 107, 142, 286, 166, 225, 267]      [0, 3, 395]  [393]
171  [107, 142, 286, 166, 225, 267, 286]    [3, 395, 393]  [280]
172   [142, 286, 166, 225, 267, 286, 89]  [395, 393, 280]  [176]
173   [286, 166, 225, 267, 286, 89, 415]  [393, 280, 176]  [171]
174   [166, 225, 267, 286, 89, 415, 464]  [280, 176, 171]  [189]
175    [225, 267, 286, 89, 415, 464, 89]  [176, 171, 189]  [233]
176    [267, 286, 89, 415, 464, 89, 168]  [171, 189, 233]  [346]
177    [267, 286, 89, 415, 464, 89, 168]  [189, 233, 346]  [143]
178     [286, 89, 415, 464, 89, 168, 25]  [233, 346, 143]  [393]
179      [89, 415, 464, 89, 168, 25, 89]  [346, 143, 393]  [159]
180      [415, 464, 89, 168, 25, 89, 64]  [143, 393, 159]  [123]
181        [464, 89, 168, 25, 89, 64, 1]  [393, 159, 123]  [244]
182          [89, 168, 25, 89, 64, 1, 1]  [159, 123, 244]  [159]
183           [168, 25, 89, 64, 1, 1, 1]  [123, 244, 159]  [105]
184             [25, 89, 64, 1, 1, 1, 1]  [244, 159, 105]    [1]
185           [0, 0, 0, 107, 142, 2, 94]        [0, 0, 0]  [395]
186       [0, 107, 142, 2, 94, 286, 239]      [0, 0, 395]  [378]
187     [107, 142, 2, 94, 286, 239, 286]    [0, 395, 378]  [393]
188     [2, 94, 286, 239, 286, 169, 416]  [395, 378, 393]  [105]
189  [286, 239, 286, 169, 416, 222, 411]  [378, 393, 105]  [249]
190  [239, 286, 169, 416, 222, 411, 106]  [393, 105, 249]   [69]
191  [169, 416, 222, 411, 106, 358, 237]   [105, 249, 69]  [389]
192   [416, 222, 411, 106, 358, 237, 25]   [249, 69, 389]   [64]
193     [411, 106, 358, 237, 25, 89, 22]    [69, 389, 64]    [3]
194       [358, 237, 25, 89, 22, 194, 1]     [389, 64, 3]  [289]
195         [237, 25, 89, 22, 194, 1, 1]     [64, 3, 289]   [68]
196            [89, 22, 194, 1, 1, 1, 1]     [3, 289, 68]    [1]
197         [0, 0, 0, 106, 249, 286, 70]        [0, 0, 0]    [3]
198        [0, 0, 106, 249, 286, 70, 46]        [0, 0, 3]   [66]
199      [0, 106, 249, 286, 70, 46, 219]       [0, 3, 66]  [393]
                                       S                T      L
0      [249, 286, 70, 46, 219, 108, 335]     [3, 66, 393]  [135]
1      [286, 70, 46, 219, 108, 335, 309]   [66, 393, 135]   [79]
2       [70, 46, 219, 108, 335, 309, 30]   [393, 135, 79]  [125]
3      [46, 219, 108, 335, 309, 30, 188]   [135, 79, 125]   [53]
4     [219, 108, 335, 309, 30, 188, 120]    [79, 125, 53]  [166]
5     [108, 335, 309, 30, 188, 120, 457]   [125, 53, 166]    [3]
6         [309, 30, 188, 120, 457, 1, 1]     [53, 166, 3]  [132]
7           [30, 188, 120, 457, 1, 1, 1]    [166, 3, 132]  [243]
8            [188, 120, 457, 1, 1, 1, 1]    [3, 132, 243]    [1]
9          [0, 0, 0, 461, 318, 388, 427]        [0, 0, 0]  [364]
10       [0, 0, 461, 318, 388, 427, 108]      [0, 0, 364]  [253]
11     [0, 461, 318, 388, 427, 108, 440]    [0, 364, 253]  [321]
12   [461, 318, 388, 427, 108, 440, 167]  [364, 253, 321]  [242]
13     [318, 388, 427, 108, 440, 167, 1]  [253, 321, 242]    [3]
14       [388, 427, 108, 440, 167, 1, 1]    [321, 242, 3]  [392]
15         [427, 108, 440, 167, 1, 1, 1]    [242, 3, 392]  [297]
16           [108, 440, 167, 1, 1, 1, 1]    [3, 392, 297]    [1]
17         [0, 0, 0, 106, 275, 411, 107]        [0, 0, 0]    [3]
18       [0, 0, 106, 275, 411, 107, 142]        [0, 0, 3]  [204]
19     [0, 106, 275, 411, 107, 142, 385]      [0, 3, 204]   [11]
20   [106, 275, 411, 107, 142, 385, 427]     [3, 204, 11]    [3]
21   [275, 411, 107, 142, 385, 427, 108]     [204, 11, 3]  [395]
22   [411, 107, 142, 385, 427, 108, 231]     [11, 3, 395]  [338]
23   [411, 107, 142, 385, 427, 108, 231]    [3, 395, 338]  [242]
24   [107, 142, 385, 427, 108, 231, 287]  [395, 338, 242]  [230]
25     [142, 385, 427, 108, 231, 287, 1]  [338, 242, 230]    [3]
26       [385, 427, 108, 231, 287, 1, 1]    [242, 230, 3]   [74]
27         [427, 108, 231, 287, 1, 1, 1]     [230, 3, 74]  [165]
28           [108, 231, 287, 1, 1, 1, 1]     [3, 74, 165]    [1]
29         [0, 0, 0, 107, 374, 111, 240]        [0, 0, 0]    [3]
30         [0, 0, 107, 374, 111, 240, 2]        [0, 0, 3]  [303]
31        [0, 107, 374, 111, 240, 2, 86]      [0, 3, 303]  [230]
32       [107, 374, 111, 240, 2, 86, 11]    [3, 303, 230]    [3]
33       [374, 111, 240, 2, 86, 11, 108]    [303, 230, 3]  [182]
34       [240, 2, 86, 11, 108, 395, 383]    [230, 3, 182]  [262]
35         [2, 86, 11, 108, 395, 383, 1]    [3, 182, 262]  [233]
36         [86, 11, 108, 395, 383, 1, 1]  [182, 262, 233]    [3]
37          [11, 108, 395, 383, 1, 1, 1]    [262, 233, 3]   [33]
38           [108, 395, 383, 1, 1, 1, 1]     [233, 3, 33]    [1]
39            [0, 0, 0, 106, 275, 2, 92]        [0, 0, 0]    [3]
40          [0, 0, 106, 275, 2, 92, 258]        [0, 0, 3]  [204]
41        [0, 106, 275, 2, 92, 258, 207]      [0, 3, 204]  [386]
42        [106, 275, 2, 92, 258, 207, 2]    [3, 204, 386]  [299]
43        [275, 2, 92, 258, 207, 2, 343]  [204, 386, 299]    [2]
44      [92, 258, 207, 2, 343, 411, 106]    [386, 299, 2]  [286]
45     [258, 207, 2, 343, 411, 106, 363]    [299, 2, 286]    [2]
46     [207, 2, 343, 411, 106, 363, 196]      [2, 286, 2]   [11]
47     [2, 343, 411, 106, 363, 196, 406]     [286, 2, 11]    [3]
48     [343, 411, 106, 363, 196, 406, 2]       [2, 11, 3]   [43]
49     [411, 106, 363, 196, 406, 2, 386]      [11, 3, 43]  [294]
50      [106, 363, 196, 406, 2, 386, 25]     [3, 43, 294]  [171]
51      [196, 406, 2, 386, 25, 368, 193]   [43, 294, 171]  [342]
52        [406, 2, 386, 25, 368, 193, 1]  [294, 171, 342]  [233]
53          [2, 386, 25, 368, 193, 1, 1]  [171, 342, 233]  [162]
54          [386, 25, 368, 193, 1, 1, 1]  [342, 233, 162]   [65]
55            [25, 368, 193, 1, 1, 1, 1]   [233, 162, 65]    [1]
56         [0, 0, 0, 461, 294, 385, 219]        [0, 0, 0]  [364]
57       [0, 0, 461, 294, 385, 219, 110]      [0, 0, 364]  [211]
58     [0, 461, 294, 385, 219, 110, 333]    [0, 364, 211]  [341]
59   [461, 294, 385, 219, 110, 333, 287]  [364, 211, 341]  [166]
60     [294, 385, 219, 110, 333, 287, 1]  [211, 341, 166]    [3]
61       [385, 219, 110, 333, 287, 1, 1]    [341, 166, 3]  [279]
62         [219, 110, 333, 287, 1, 1, 1]    [166, 3, 279]  [183]
63           [110, 333, 287, 1, 1, 1, 1]    [3, 279, 183]    [1]
64          [0, 0, 0, 106, 293, 377, 25]        [0, 0, 0]    [3]
65        [0, 0, 106, 293, 377, 25, 108]        [0, 0, 3]  [402]
66      [0, 106, 293, 377, 25, 108, 132]      [0, 3, 402]  [133]
67    [106, 293, 377, 25, 108, 132, 411]    [3, 402, 133]  [304]
68     [293, 377, 25, 108, 132, 411, 60]  [402, 133, 304]  [233]
69      [377, 25, 108, 132, 411, 60, 25]  [133, 304, 233]    [3]
70     [108, 132, 411, 60, 25, 106, 183]    [304, 233, 3]  [281]
71     [132, 411, 60, 25, 106, 183, 128]    [233, 3, 281]  [246]
72       [411, 60, 25, 106, 183, 128, 1]    [3, 281, 246]    [3]
73         [60, 25, 106, 183, 128, 1, 1]    [281, 246, 3]  [188]
74          [25, 106, 183, 128, 1, 1, 1]    [246, 3, 188]  [111]
75           [106, 183, 128, 1, 1, 1, 1]    [3, 188, 111]    [1]
76         [0, 0, 0, 106, 275, 286, 110]        [0, 0, 0]    [3]
77       [0, 0, 106, 275, 286, 110, 186]        [0, 0, 3]  [204]
78     [106, 275, 286, 110, 186, 297, 2]      [0, 3, 204]  [166]
79      [275, 286, 110, 186, 297, 2, 92]    [3, 204, 166]    [3]
80      [286, 110, 186, 297, 2, 92, 331]    [204, 166, 3]  [140]
81        [110, 186, 297, 2, 92, 331, 1]    [166, 3, 140]  [152]
82            [297, 2, 92, 331, 1, 1, 1]    [3, 140, 152]  [284]
83              [2, 92, 331, 1, 1, 1, 1]  [140, 152, 284]    [1]
84           [0, 0, 0, 461, 296, 318, 2]        [0, 0, 0]  [364]
85          [0, 0, 461, 296, 318, 2, 94]      [0, 0, 364]  [203]
86        [0, 461, 296, 318, 2, 94, 330]    [0, 364, 203]  [284]
87        [296, 318, 2, 94, 330, 2, 218]  [364, 203, 284]    [2]
88        [318, 2, 94, 330, 2, 218, 144]    [203, 284, 2]  [234]
89          [2, 94, 330, 2, 218, 144, 2]    [284, 2, 234]  [386]
90         [94, 330, 2, 218, 144, 2, 11]    [2, 234, 386]  [278]
91        [330, 2, 218, 144, 2, 11, 108]  [234, 386, 278]   [11]
92        [2, 218, 144, 2, 11, 108, 450]   [386, 278, 11]  [390]
93        [144, 2, 11, 108, 450, 400, 5]   [278, 11, 390]    [2]
94        [2, 11, 108, 450, 400, 5, 110]     [11, 390, 2]  [346]
95      [11, 108, 450, 400, 5, 110, 406]    [390, 2, 346]  [239]
96     [108, 450, 400, 5, 110, 406, 338]    [2, 346, 239]  [221]
97     [450, 400, 5, 110, 406, 338, 411]  [346, 239, 221]   [46]
98       [5, 110, 406, 338, 411, 442, 2]   [239, 221, 46]   [11]
99      [110, 406, 338, 411, 442, 2, 92]    [221, 46, 11]   [43]
100      [406, 338, 411, 442, 2, 92, 12]     [46, 11, 43]    [2]
101      [338, 411, 442, 2, 92, 12, 276]      [11, 43, 2]  [242]
102      [411, 442, 2, 92, 12, 276, 411]     [43, 2, 242]  [233]
103      [442, 2, 92, 12, 276, 411, 360]    [2, 242, 233]    [3]
104        [92, 12, 276, 411, 360, 1, 1]    [242, 233, 3]   [73]
105         [12, 276, 411, 360, 1, 1, 1]     [233, 3, 73]   [85]
106          [276, 411, 360, 1, 1, 1, 1]      [3, 73, 85]    [1]
107        [0, 0, 0, 106, 244, 228, 219]        [0, 0, 0]    [3]
108      [0, 0, 106, 244, 228, 219, 108]        [0, 0, 3]  [195]
109    [0, 106, 244, 228, 219, 108, 164]      [0, 3, 195]   [50]
110  [106, 244, 228, 219, 108, 164, 196]     [3, 195, 50]  [166]
111  [244, 228, 219, 108, 164, 196, 158]   [195, 50, 166]    [3]
112   [228, 219, 108, 164, 196, 158, 25]     [50, 166, 3]  [400]
113   [219, 108, 164, 196, 158, 25, 391]    [166, 3, 400]  [294]
114     [108, 164, 196, 158, 25, 391, 1]    [3, 400, 294]  [378]
115       [164, 196, 158, 25, 391, 1, 1]  [400, 294, 378]  [233]
116         [196, 158, 25, 391, 1, 1, 1]  [294, 378, 233]  [326]
117           [158, 25, 391, 1, 1, 1, 1]  [378, 233, 326]    [1]
118         [0, 0, 0, 107, 28, 295, 411]        [0, 0, 0]    [3]
119       [0, 0, 107, 28, 295, 411, 143]        [0, 0, 3]   [83]
120      [0, 107, 28, 295, 411, 143, 47]       [0, 3, 83]  [230]
121    [107, 28, 295, 411, 143, 47, 284]     [3, 83, 230]  [211]
122    [295, 411, 143, 47, 284, 377, 75]   [83, 230, 211]   [11]
123    [411, 143, 47, 284, 377, 75, 389]   [230, 211, 11]  [396]
124     [143, 47, 284, 377, 75, 389, 39]   [211, 11, 396]  [305]
125     [47, 284, 377, 75, 389, 39, 108]   [11, 396, 305]   [11]
126    [284, 377, 75, 389, 39, 108, 351]   [396, 305, 11]  [322]
127    [377, 75, 389, 39, 108, 351, 286]   [305, 11, 322]   [61]
128    [75, 389, 39, 108, 351, 286, 139]    [11, 322, 61]    [3]
129    [389, 39, 108, 351, 286, 139, 93]     [322, 61, 3]  [385]
130     [108, 351, 286, 139, 93, 412, 1]     [61, 3, 385]   [16]
131       [351, 286, 139, 93, 412, 1, 1]     [3, 385, 16]   [86]
132         [286, 139, 93, 412, 1, 1, 1]    [385, 16, 86]  [302]
133           [139, 93, 412, 1, 1, 1, 1]    [16, 86, 302]    [1]
134         [0, 0, 0, 150, 23, 145, 324]        [0, 0, 0]  [115]
135       [0, 0, 150, 23, 145, 324, 459]      [0, 0, 115]   [22]
136     [0, 150, 23, 145, 324, 459, 151]     [0, 115, 22]  [126]
137   [150, 23, 145, 324, 459, 151, 106]   [115, 22, 126]  [267]
138   [23, 145, 324, 459, 151, 106, 140]   [22, 126, 267]  [357]
139    [145, 324, 459, 151, 106, 140, 1]  [126, 267, 357]  [122]
140      [324, 459, 151, 106, 140, 1, 1]  [267, 357, 122]    [3]
141        [459, 151, 106, 140, 1, 1, 1]    [357, 122, 3]  [257]
142          [151, 106, 140, 1, 1, 1, 1]    [122, 3, 257]    [1]
143        [0, 0, 0, 423, 143, 411, 106]        [0, 0, 0]  [124]
144      [0, 0, 423, 143, 411, 106, 275]      [0, 0, 124]  [396]
145    [0, 423, 143, 411, 106, 275, 376]    [0, 124, 396]   [11]
146  [423, 143, 411, 106, 275, 376, 286]   [124, 396, 11]  [234]
147  [143, 411, 106, 275, 376, 286, 354]   [396, 11, 234]  [204]
148   [411, 106, 275, 376, 286, 354, 25]   [11, 234, 204]  [305]
149    [106, 275, 376, 286, 354, 25, 89]  [234, 204, 305]  [233]
150    [106, 275, 376, 286, 354, 25, 89]  [204, 305, 233]  [346]
151     [275, 376, 286, 354, 25, 89, 76]  [305, 233, 346]  [301]
152       [376, 286, 354, 25, 89, 76, 1]  [233, 346, 301]  [393]
153         [286, 354, 25, 89, 76, 1, 1]  [346, 301, 393]  [307]
154           [354, 25, 89, 76, 1, 1, 1]  [301, 393, 307]   [26]
155             [25, 89, 76, 1, 1, 1, 1]   [393, 307, 26]    [1]
156           [0, 0, 0, 422, 432, 17, 1]        [0, 0, 0]    [3]
157           [0, 0, 0, 422, 432, 17, 1]        [0, 0, 3]  [201]
158           [0, 0, 422, 432, 17, 1, 1]      [0, 3, 201]  [230]
159           [0, 422, 432, 17, 1, 1, 1]    [3, 201, 230]  [253]
160           [0, 422, 432, 17, 1, 1, 1]  [201, 230, 253]   [59]
161           [0, 422, 432, 17, 1, 1, 1]   [230, 253, 59]  [370]
162           [422, 432, 17, 1, 1, 1, 1]   [253, 59, 370]    [1]
163        [0, 0, 0, 100, 228, 265, 259]        [0, 0, 0]  [353]
164      [0, 0, 100, 228, 265, 259, 371]      [0, 0, 353]  [402]
165    [0, 100, 228, 265, 259, 371, 414]    [0, 353, 402]  [253]
166  [100, 228, 265, 259, 371, 414, 107]  [353, 402, 253]   [16]
167   [228, 265, 259, 371, 414, 107, 88]   [402, 253, 16]  [314]
168    [265, 259, 371, 414, 107, 88, 25]   [253, 16, 314]  [366]
169    [259, 371, 414, 107, 88, 25, 108]   [16, 314, 366]    [3]
170    [371, 414, 107, 88, 25, 108, 159]    [314, 366, 3]   [44]
171      [414, 107, 88, 25, 108, 159, 1]     [366, 3, 44]  [233]
172        [107, 88, 25, 108, 159, 1, 1]     [3, 44, 233]    [3]
173          [88, 25, 108, 159, 1, 1, 1]     [44, 233, 3]  [301]
174           [25, 108, 159, 1, 1, 1, 1]    [233, 3, 301]    [1]
175        [0, 0, 0, 461, 318, 273, 141]        [0, 0, 0]  [364]
176        [0, 0, 461, 318, 273, 141, 1]      [0, 0, 364]  [253]
177        [0, 461, 318, 273, 141, 1, 1]    [0, 364, 253]   [16]
178        [0, 461, 318, 273, 141, 1, 1]   [364, 253, 16]  [340]
179        [461, 318, 273, 141, 1, 1, 1]   [253, 16, 340]  [258]
180          [318, 273, 141, 1, 1, 1, 1]   [16, 340, 258]    [1]
181        [0, 0, 0, 100, 143, 411, 106]        [0, 0, 0]  [353]
182      [0, 0, 100, 143, 411, 106, 275]      [0, 0, 353]  [396]
183    [0, 100, 143, 411, 106, 275, 286]    [0, 353, 396]   [11]
184  [100, 143, 411, 106, 275, 286, 210]   [353, 396, 11]    [3]
185  [143, 411, 106, 275, 286, 210, 376]     [396, 11, 3]  [204]
186  [411, 106, 275, 286, 210, 376, 286]     [11, 3, 204]  [166]
187  [106, 275, 286, 210, 376, 286, 162]    [3, 204, 166]    [3]
188   [275, 286, 210, 376, 286, 162, 40]    [204, 166, 3]  [152]
189   [286, 210, 376, 286, 162, 40, 219]    [166, 3, 152]  [305]
190   [210, 376, 286, 162, 40, 219, 110]    [3, 152, 305]   [82]
191   [376, 286, 162, 40, 219, 110, 184]   [152, 305, 82]  [192]
192     [286, 162, 40, 219, 110, 184, 1]   [305, 82, 192]  [166]
193       [162, 40, 219, 110, 184, 1, 1]   [82, 192, 166]    [3]
194         [40, 219, 110, 184, 1, 1, 1]    [192, 166, 3]  [144]
195          [219, 110, 184, 1, 1, 1, 1]    [166, 3, 144]    [1]
196          [0, 0, 0, 82, 222, 106, 24]        [0, 0, 0]  [348]
197        [0, 0, 82, 222, 106, 24, 293]      [0, 0, 348]  [171]
198       [82, 222, 106, 24, 293, 2, 86]    [0, 348, 171]   [10]
199      [222, 106, 24, 293, 2, 86, 106]   [348, 171, 10]   [22]
                                       S                T      L
0        [106, 24, 293, 2, 86, 106, 187]    [171, 10, 22]  [133]
1        [24, 293, 2, 86, 106, 187, 351]    [10, 22, 133]  [163]
2       [2, 86, 106, 187, 351, 211, 411]   [22, 133, 163]    [3]
3     [86, 106, 187, 351, 211, 411, 325]    [133, 163, 3]  [140]
4      [106, 187, 351, 211, 411, 325, 1]    [163, 3, 140]  [302]
5          [351, 211, 411, 325, 1, 1, 1]    [3, 140, 302]  [272]
6            [211, 411, 325, 1, 1, 1, 1]  [140, 302, 272]    [1]
7             [0, 0, 0, 106, 275, 2, 92]        [0, 0, 0]    [3]
8           [0, 0, 106, 275, 2, 92, 106]        [0, 0, 3]  [204]
9       [106, 275, 2, 92, 106, 421, 426]      [0, 3, 204]  [374]
10      [275, 2, 92, 106, 421, 426, 110]    [3, 204, 374]    [3]
11      [2, 92, 106, 421, 426, 110, 184]    [204, 374, 3]  [144]
12   [106, 421, 426, 110, 184, 427, 108]    [374, 3, 144]  [230]
13   [421, 426, 110, 184, 427, 108, 467]    [3, 144, 230]  [253]
14   [426, 110, 184, 427, 108, 467, 147]  [144, 230, 253]  [166]
15   [184, 427, 108, 467, 147, 272, 302]  [230, 253, 166]  [129]
16   [427, 108, 467, 147, 272, 302, 453]  [253, 166, 129]  [230]
17   [108, 467, 147, 272, 302, 453, 466]  [166, 129, 230]    [3]
18      [147, 272, 302, 453, 466, 3, 34]    [129, 230, 3]  [128]
19      [272, 302, 453, 466, 3, 34, 274]    [230, 3, 128]  [224]
20        [302, 453, 466, 3, 34, 274, 1]    [3, 128, 224]  [401]
21            [466, 3, 34, 274, 1, 1, 1]  [128, 224, 401]   [30]
22              [3, 34, 274, 1, 1, 1, 1]   [224, 401, 30]    [1]
23         [0, 0, 0, 265, 388, 411, 376]        [0, 0, 0]  [253]
24       [0, 0, 265, 388, 411, 376, 219]      [0, 0, 253]  [166]
25     [0, 265, 388, 411, 376, 219, 108]    [0, 253, 166]    [3]
26   [265, 388, 411, 376, 219, 108, 204]    [253, 166, 3]   [81]
27   [388, 411, 376, 219, 108, 204, 153]     [166, 3, 81]  [263]
28   [388, 411, 376, 219, 108, 204, 153]     [3, 81, 263]   [16]
29     [411, 376, 219, 108, 204, 153, 1]    [81, 263, 16]  [305]
30       [376, 219, 108, 204, 153, 1, 1]   [263, 16, 305]   [11]
31         [219, 108, 204, 153, 1, 1, 1]    [16, 305, 11]  [322]
32           [108, 204, 153, 1, 1, 1, 1]   [305, 11, 322]    [1]
33         [0, 0, 0, 106, 275, 219, 108]        [0, 0, 0]    [3]
34       [0, 0, 106, 275, 219, 108, 456]        [0, 0, 3]  [204]
35     [0, 106, 275, 219, 108, 456, 164]      [0, 3, 204]  [166]
36   [106, 275, 219, 108, 456, 164, 196]    [3, 204, 166]    [3]
37   [275, 219, 108, 456, 164, 196, 434]    [204, 166, 3]  [194]
38    [219, 108, 456, 164, 196, 434, 25]    [166, 3, 194]  [140]
39     [108, 456, 164, 196, 434, 25, 94]    [3, 194, 140]  [294]
40     [456, 164, 196, 434, 25, 94, 409]  [194, 140, 294]  [376]
41       [164, 196, 434, 25, 94, 409, 2]  [140, 294, 376]  [122]
42       [434, 25, 94, 409, 2, 451, 107]  [294, 376, 122]  [346]
43       [25, 94, 409, 2, 451, 107, 142]  [376, 122, 346]  [332]
44      [94, 409, 2, 451, 107, 142, 286]  [122, 346, 332]  [389]
45     [409, 2, 451, 107, 142, 286, 217]  [346, 332, 389]    [3]
46     [2, 451, 107, 142, 286, 217, 193]    [332, 389, 3]  [395]
47   [451, 107, 142, 286, 217, 193, 135]    [389, 3, 395]  [112]
48     [107, 142, 286, 217, 193, 135, 1]    [3, 395, 112]  [371]
49       [142, 286, 217, 193, 135, 1, 1]  [395, 112, 371]  [159]
50         [286, 217, 193, 135, 1, 1, 1]  [112, 371, 159]  [256]
51           [217, 193, 135, 1, 1, 1, 1]  [371, 159, 256]    [1]
52         [0, 0, 0, 228, 265, 219, 164]        [0, 0, 0]  [402]
53       [0, 0, 228, 265, 219, 164, 197]      [0, 0, 402]  [253]
54      [0, 228, 265, 219, 164, 197, 45]    [0, 402, 253]  [166]
55     [228, 265, 219, 164, 197, 45, 74]  [402, 253, 166]  [400]
56     [265, 219, 164, 197, 45, 74, 119]  [253, 166, 400]  [295]
57       [164, 197, 45, 74, 119, 457, 1]  [166, 400, 295]  [270]
58         [197, 45, 74, 119, 457, 1, 1]  [400, 295, 270]   [75]
59           [45, 74, 119, 457, 1, 1, 1]   [295, 270, 75]  [121]
60            [74, 119, 457, 1, 1, 1, 1]   [270, 75, 121]    [1]
61         [0, 0, 0, 107, 142, 286, 163]        [0, 0, 0]    [3]
62       [0, 0, 107, 142, 286, 163, 306]        [0, 0, 3]  [395]
63     [0, 107, 142, 286, 163, 306, 199]      [0, 3, 395]  [166]
64     [0, 107, 142, 286, 163, 306, 199]    [3, 395, 166]    [3]
65   [107, 142, 286, 163, 306, 199, 109]    [395, 166, 3]  [400]
66   [142, 286, 163, 306, 199, 109, 243]    [166, 3, 400]  [294]
67   [286, 163, 306, 199, 109, 243, 293]    [3, 400, 294]  [171]
68   [163, 306, 199, 109, 243, 293, 286]  [400, 294, 171]  [158]
69   [163, 306, 199, 109, 243, 293, 286]  [294, 171, 158]    [3]
70   [306, 199, 109, 243, 293, 286, 337]    [171, 158, 3]  [195]
71   [199, 109, 243, 293, 286, 337, 306]    [158, 3, 195]  [133]
72     [109, 243, 293, 286, 337, 306, 1]    [3, 195, 133]  [166]
73       [243, 293, 286, 337, 306, 1, 1]  [195, 133, 166]    [3]
74       [243, 293, 286, 337, 306, 1, 1]    [133, 166, 3]  [259]
75         [293, 286, 337, 306, 1, 1, 1]    [166, 3, 259]  [294]
76           [286, 337, 306, 1, 1, 1, 1]    [3, 259, 294]    [1]
77         [0, 0, 0, 227, 447, 185, 105]        [0, 0, 0]  [403]
78       [0, 0, 227, 447, 185, 105, 286]      [0, 0, 403]   [16]
79     [0, 227, 447, 185, 105, 286, 381]     [0, 403, 16]   [35]
80    [227, 447, 185, 105, 286, 381, 80]    [403, 16, 35]  [290]
81    [447, 185, 105, 286, 381, 80, 370]    [16, 35, 290]  [140]
82      [185, 105, 286, 381, 80, 370, 1]   [35, 290, 140]  [101]
83        [105, 286, 381, 80, 370, 1, 1]  [290, 140, 101]   [11]
84          [286, 381, 80, 370, 1, 1, 1]   [140, 101, 11]  [148]
85            [381, 80, 370, 1, 1, 1, 1]   [101, 11, 148]    [1]
86          [0, 0, 0, 106, 275, 286, 56]        [0, 0, 0]    [3]
87        [0, 0, 106, 275, 286, 56, 196]        [0, 0, 3]  [204]
88      [0, 106, 275, 286, 56, 196, 219]      [0, 3, 204]  [166]
89    [106, 275, 286, 56, 196, 219, 108]    [3, 204, 166]    [3]
90     [275, 286, 56, 196, 219, 108, 35]    [204, 166, 3]   [46]
91        [56, 196, 219, 108, 35, 2, 92]     [166, 3, 46]  [294]
92       [196, 219, 108, 35, 2, 92, 106]     [3, 46, 294]  [163]
93       [219, 108, 35, 2, 92, 106, 237]   [46, 294, 163]    [3]
94       [108, 35, 2, 92, 106, 237, 211]    [294, 163, 3]   [68]
95       [35, 2, 92, 106, 237, 211, 411]     [163, 3, 68]  [389]
96      [2, 92, 106, 237, 211, 411, 371]     [3, 68, 389]  [163]
97    [92, 106, 237, 211, 411, 371, 369]   [68, 389, 163]  [235]
98    [106, 237, 211, 411, 371, 369, 11]  [389, 163, 235]    [3]
99    [237, 211, 411, 371, 369, 11, 109]    [163, 235, 3]  [329]
100   [411, 371, 369, 11, 109, 384, 134]    [235, 3, 329]   [23]
101     [371, 369, 11, 109, 384, 134, 1]     [3, 329, 23]    [3]
102       [369, 11, 109, 384, 134, 1, 1]     [329, 23, 3]   [31]
103         [11, 109, 384, 134, 1, 1, 1]      [23, 3, 31]  [319]
104          [109, 384, 134, 1, 1, 1, 1]     [3, 31, 319]    [1]
105        [0, 0, 0, 242, 229, 219, 444]        [0, 0, 0]  [195]
106      [0, 0, 242, 229, 219, 444, 236]      [0, 0, 195]   [51]
107    [0, 242, 229, 219, 444, 236, 413]     [0, 195, 51]  [166]
108    [242, 229, 219, 444, 236, 413, 2]   [195, 51, 166]  [390]
109     [229, 219, 444, 236, 413, 2, 94]   [51, 166, 390]  [180]
110     [219, 444, 236, 413, 2, 94, 219]  [166, 390, 180]  [369]
111     [236, 413, 2, 94, 219, 220, 234]  [390, 180, 369]  [254]
112     [413, 2, 94, 219, 220, 234, 273]  [180, 369, 254]  [347]
113       [2, 94, 219, 220, 234, 273, 1]  [369, 254, 347]  [208]
114       [94, 219, 220, 234, 273, 1, 1]  [254, 347, 208]   [20]
115        [219, 220, 234, 273, 1, 1, 1]   [347, 208, 20]  [167]
116          [220, 234, 273, 1, 1, 1, 1]   [208, 20, 167]    [1]
117           [0, 0, 0, 461, 318, 2, 94]        [0, 0, 0]  [364]
118         [0, 0, 461, 318, 2, 94, 219]      [0, 0, 364]  [253]
119       [0, 461, 318, 2, 94, 219, 107]    [0, 364, 253]  [378]
120     [461, 318, 2, 94, 219, 107, 334]  [364, 253, 378]  [170]
121     [318, 2, 94, 219, 107, 334, 219]  [253, 378, 170]    [3]
122   [94, 219, 107, 334, 219, 109, 345]    [378, 170, 3]  [292]
123  [219, 107, 334, 219, 109, 345, 157]    [170, 3, 292]  [166]
124    [107, 334, 219, 109, 345, 157, 2]    [3, 292, 166]  [234]
125    [334, 219, 109, 345, 157, 2, 451]  [292, 166, 234]   [88]
126    [219, 109, 345, 157, 2, 451, 107]   [166, 234, 88]  [389]
127     [109, 345, 157, 2, 451, 107, 12]   [234, 88, 389]   [13]
128     [345, 157, 2, 451, 107, 12, 290]    [88, 389, 13]  [379]
129     [157, 2, 451, 107, 12, 290, 218]   [389, 13, 379]  [166]
130   [451, 107, 12, 290, 218, 345, 158]   [13, 379, 166]  [346]
131     [107, 12, 290, 218, 345, 158, 1]  [379, 166, 346]  [215]
132       [12, 290, 218, 345, 158, 1, 1]  [166, 346, 215]  [230]
133        [290, 218, 345, 158, 1, 1, 1]  [346, 215, 230]  [172]
134          [218, 345, 158, 1, 1, 1, 1]  [215, 230, 172]    [1]
135          [0, 0, 0, 106, 275, 2, 107]        [0, 0, 0]    [3]
136        [0, 0, 106, 275, 2, 107, 142]        [0, 0, 3]  [204]
137      [0, 106, 275, 2, 107, 142, 286]      [0, 3, 204]    [2]
138    [106, 275, 2, 107, 142, 286, 108]      [3, 204, 2]    [3]
139    [275, 2, 107, 142, 286, 108, 237]      [204, 2, 3]  [395]
140    [2, 107, 142, 286, 108, 237, 218]      [2, 3, 395]  [393]
141  [107, 142, 286, 108, 237, 218, 384]    [3, 395, 393]    [3]
142   [142, 286, 108, 237, 218, 384, 25]    [395, 393, 3]   [68]
143   [142, 286, 108, 237, 218, 384, 25]     [393, 3, 68]  [166]
144   [286, 108, 237, 218, 384, 25, 110]     [3, 68, 166]    [3]
145    [108, 237, 218, 384, 25, 110, 42]     [68, 166, 3]  [329]
146    [237, 218, 384, 25, 110, 42, 397]    [166, 3, 329]  [233]
147      [218, 384, 25, 110, 42, 397, 1]    [3, 329, 233]    [3]
148        [384, 25, 110, 42, 397, 1, 1]    [329, 233, 3]   [84]
149          [25, 110, 42, 397, 1, 1, 1]     [233, 3, 84]  [328]
150           [110, 42, 397, 1, 1, 1, 1]     [3, 84, 328]    [1]
151           [0, 0, 0, 92, 275, 455, 2]        [0, 0, 0]  [346]
152         [0, 0, 92, 275, 455, 2, 410]      [0, 0, 346]  [204]
153       [0, 92, 275, 455, 2, 410, 457]    [0, 346, 204]  [171]
154     [92, 275, 455, 2, 410, 457, 350]  [346, 204, 171]    [7]
155      [275, 455, 2, 410, 457, 350, 2]    [204, 171, 7]  [356]
156      [455, 2, 410, 457, 350, 2, 451]    [171, 7, 356]  [296]
157    [410, 457, 350, 2, 451, 367, 208]    [7, 356, 296]  [316]
158    [457, 350, 2, 451, 367, 208, 460]  [356, 296, 316]  [389]
159      [350, 2, 451, 367, 208, 460, 1]  [296, 316, 389]  [162]
160        [2, 451, 367, 208, 460, 1, 1]  [316, 389, 162]   [93]
161        [451, 367, 208, 460, 1, 1, 1]   [389, 162, 93]  [382]
162          [367, 208, 460, 1, 1, 1, 1]   [162, 93, 382]    [1]
163        [0, 0, 0, 106, 319, 158, 414]        [0, 0, 0]    [3]
164      [0, 0, 106, 319, 158, 414, 110]        [0, 0, 3]  [164]
165     [0, 106, 319, 158, 414, 110, 72]      [0, 3, 164]  [171]
166   [106, 319, 158, 414, 110, 72, 300]    [3, 164, 171]  [378]
167   [319, 158, 414, 110, 72, 300, 108]  [164, 171, 378]   [38]
168   [319, 158, 414, 110, 72, 300, 108]   [171, 378, 38]    [3]
169    [158, 414, 110, 72, 300, 108, 65]     [378, 38, 3]   [47]
170      [414, 110, 72, 300, 108, 65, 1]      [38, 3, 47]  [366]
171        [110, 72, 300, 108, 65, 1, 1]     [3, 47, 366]    [3]
172          [72, 300, 108, 65, 1, 1, 1]     [47, 366, 3]   [54]
173           [300, 108, 65, 1, 1, 1, 1]     [366, 3, 54]    [1]
174        [0, 0, 0, 106, 230, 275, 377]        [0, 0, 0]    [3]
175      [0, 0, 106, 230, 275, 377, 286]        [0, 0, 3]  [402]
176    [0, 106, 230, 275, 377, 286, 108]      [0, 3, 402]  [204]
177  [106, 230, 275, 377, 286, 108, 262]    [3, 402, 204]  [171]
178  [230, 275, 377, 286, 108, 262, 411]  [402, 204, 171]  [305]
179  [275, 377, 286, 108, 262, 411, 254]  [204, 171, 305]   [23]
180   [377, 286, 108, 262, 411, 254, 11]   [171, 305, 23]    [3]
181   [377, 286, 108, 262, 411, 254, 11]     [305, 23, 3]  [336]
182   [286, 108, 262, 411, 254, 11, 108]     [23, 3, 336]  [393]
183   [108, 262, 411, 254, 11, 108, 404]    [3, 336, 393]    [3]
184     [262, 411, 254, 11, 108, 404, 1]    [336, 393, 3]  [187]
185       [411, 254, 11, 108, 404, 1, 1]    [393, 3, 187]   [11]
186         [254, 11, 108, 404, 1, 1, 1]     [3, 187, 11]   [98]
187           [11, 108, 404, 1, 1, 1, 1]    [187, 11, 98]    [1]
188         [0, 0, 0, 106, 275, 383, 25]        [0, 0, 0]    [3]
189       [0, 0, 106, 275, 383, 25, 108]        [0, 0, 3]  [204]
190     [0, 106, 275, 383, 25, 108, 252]      [0, 3, 204]  [171]
191     [0, 106, 275, 383, 25, 108, 252]    [3, 204, 171]  [262]
192    [106, 275, 383, 25, 108, 252, 33]  [204, 171, 262]  [346]
193      [275, 383, 25, 108, 252, 33, 1]  [171, 262, 346]   [29]
194        [383, 25, 108, 252, 33, 1, 1]   [262, 346, 29]   [23]
195        [383, 25, 108, 252, 33, 1, 1]    [346, 29, 23]    [3]
196          [25, 108, 252, 33, 1, 1, 1]      [29, 23, 3]   [77]
197           [108, 252, 33, 1, 1, 1, 1]      [23, 3, 77]    [1]
198         [0, 0, 0, 107, 83, 286, 110]        [0, 0, 0]    [3]
199       [0, 0, 107, 83, 286, 110, 401]        [0, 0, 3]  [185]
                                       S                T      L
0       [0, 107, 83, 286, 110, 401, 373]      [0, 3, 185]  [393]
1       [0, 107, 83, 286, 110, 401, 373]    [3, 185, 393]    [3]
2     [107, 83, 286, 110, 401, 373, 371]    [185, 393, 3]  [287]
3     [83, 286, 110, 401, 373, 371, 137]    [393, 3, 287]  [200]
4    [286, 110, 401, 373, 371, 137, 277]    [3, 287, 200]   [23]
5     [110, 401, 373, 371, 137, 277, 11]   [287, 200, 23]  [212]
6       [401, 373, 371, 137, 277, 11, 1]   [200, 23, 212]  [166]
7         [373, 371, 137, 277, 11, 1, 1]   [23, 212, 166]    [3]
8         [373, 371, 137, 277, 11, 1, 1]    [212, 166, 3]  [117]
9           [371, 137, 277, 11, 1, 1, 1]    [166, 3, 117]  [207]
10            [137, 277, 11, 1, 1, 1, 1]    [3, 117, 207]    [1]
11         [0, 0, 0, 106, 275, 148, 286]        [0, 0, 0]    [3]
12       [0, 0, 106, 275, 148, 286, 108]        [0, 0, 3]  [204]
13     [0, 106, 275, 148, 286, 108, 378]      [0, 3, 204]  [171]
14   [106, 275, 148, 286, 108, 378, 464]    [3, 204, 171]  [312]
15   [275, 148, 286, 108, 378, 464, 121]  [204, 171, 312]  [244]
16    [148, 286, 108, 378, 464, 121, 25]  [171, 312, 244]    [3]
17    [108, 378, 464, 121, 25, 108, 419]    [312, 244, 3]  [330]
18    [378, 464, 121, 25, 108, 419, 213]    [244, 3, 330]  [233]
19      [464, 121, 25, 108, 419, 213, 1]    [3, 330, 233]    [3]
20        [121, 25, 108, 419, 213, 1, 1]    [330, 233, 3]  [313]
21          [25, 108, 419, 213, 1, 1, 1]    [233, 3, 313]  [160]
22           [108, 419, 213, 1, 1, 1, 1]    [3, 313, 160]    [1]
23           [0, 0, 0, 92, 66, 208, 267]        [0, 0, 0]  [346]
24          [0, 0, 92, 66, 208, 267, 25]      [0, 0, 346]   [55]
25        [0, 92, 66, 208, 267, 25, 108]     [0, 346, 55]   [93]
26       [92, 66, 208, 267, 25, 108, 57]    [346, 55, 93]  [171]
27       [66, 208, 267, 25, 108, 57, 50]    [55, 93, 171]  [189]
28       [66, 208, 267, 25, 108, 57, 50]   [93, 171, 189]   [96]
29      [208, 267, 25, 108, 57, 50, 407]   [171, 189, 96]  [233]
30        [267, 25, 108, 57, 50, 407, 1]   [189, 96, 233]    [3]
31          [25, 108, 57, 50, 407, 1, 1]     [96, 233, 3]   [46]
32           [108, 57, 50, 407, 1, 1, 1]     [233, 3, 46]  [293]
33             [57, 50, 407, 1, 1, 1, 1]     [3, 46, 293]    [1]
34         [0, 0, 0, 106, 275, 286, 361]        [0, 0, 0]    [3]
35       [0, 0, 106, 275, 286, 361, 196]        [0, 0, 3]  [204]
36       [0, 106, 275, 286, 361, 196, 2]      [0, 3, 204]  [166]
37      [106, 275, 286, 361, 196, 2, 92]    [3, 204, 166]    [3]
38      [275, 286, 361, 196, 2, 92, 107]    [204, 166, 3]   [43]
39      [361, 196, 2, 92, 107, 454, 268]     [166, 3, 43]  [294]
40        [196, 2, 92, 107, 454, 268, 1]     [3, 43, 294]  [277]
41          [2, 92, 107, 454, 268, 1, 1]   [43, 294, 277]    [3]
42          [92, 107, 454, 268, 1, 1, 1]    [294, 277, 3]  [250]
43           [107, 454, 268, 1, 1, 1, 1]    [277, 3, 250]    [1]
44          [0, 0, 0, 106, 275, 286, 70]        [0, 0, 0]    [3]
45        [0, 0, 106, 275, 286, 70, 411]        [0, 0, 3]  [204]
46       [0, 106, 275, 286, 70, 411, 58]      [0, 3, 204]  [386]
47     [106, 275, 286, 70, 411, 58, 224]    [3, 204, 386]  [135]
48     [275, 286, 70, 411, 58, 224, 271]  [204, 386, 135]   [11]
49     [275, 286, 70, 411, 58, 224, 271]   [386, 135, 11]    [3]
50       [286, 70, 411, 58, 224, 271, 2]     [135, 11, 3]   [46]
51       [70, 411, 58, 224, 271, 2, 451]      [11, 3, 46]  [175]
52      [411, 58, 224, 271, 2, 451, 294]     [3, 46, 175]  [171]
53      [58, 224, 271, 2, 451, 294, 202]   [46, 175, 171]  [310]
54     [224, 271, 2, 451, 294, 202, 215]  [175, 171, 310]  [389]
55      [271, 2, 451, 294, 202, 215, 25]  [171, 310, 389]  [211]
56      [2, 451, 294, 202, 215, 25, 108]  [310, 389, 211]   [34]
57    [451, 294, 202, 215, 25, 108, 180]   [389, 211, 34]  [161]
58    [294, 202, 215, 25, 108, 180, 250]   [211, 34, 161]   [16]
59    [294, 202, 215, 25, 108, 180, 250]    [34, 161, 16]   [78]
60      [202, 215, 25, 108, 180, 250, 1]    [161, 16, 78]  [233]
61        [215, 25, 108, 180, 250, 1, 1]    [16, 78, 233]    [3]
62          [25, 108, 180, 250, 1, 1, 1]     [78, 233, 3]  [142]
63           [108, 180, 250, 1, 1, 1, 1]    [233, 3, 142]    [1]
64         [0, 0, 0, 106, 275, 219, 263]        [0, 0, 0]    [3]
65         [0, 0, 106, 275, 219, 263, 2]        [0, 0, 3]  [145]
66        [0, 106, 275, 219, 263, 2, 92]      [0, 3, 145]  [166]
67       [275, 219, 263, 2, 92, 11, 108]    [3, 145, 166]    [3]
68       [219, 263, 2, 92, 11, 108, 104]    [145, 166, 3]  [191]
69        [263, 2, 92, 11, 108, 104, 77]    [166, 3, 191]  [175]
70        [2, 92, 11, 108, 104, 77, 241]    [3, 191, 175]  [378]
71       [92, 11, 108, 104, 77, 241, 91]  [191, 175, 378]   [61]
72      [11, 108, 104, 77, 241, 91, 429]   [175, 378, 61]    [3]
73         [104, 77, 241, 91, 429, 1, 1]     [378, 61, 3]   [80]
74           [77, 241, 91, 429, 1, 1, 1]      [61, 3, 80]  [327]
75            [241, 91, 429, 1, 1, 1, 1]     [3, 80, 327]    [1]
76         [0, 0, 0, 107, 184, 426, 146]        [0, 0, 0]    [3]
77       [0, 0, 107, 184, 426, 146, 389]        [0, 0, 3]  [144]
78     [0, 107, 184, 426, 146, 389, 427]      [0, 3, 144]  [230]
79   [107, 184, 426, 146, 389, 427, 108]    [3, 144, 230]  [126]
80   [184, 426, 146, 389, 427, 108, 257]  [144, 230, 126]  [321]
81     [426, 146, 389, 427, 108, 257, 2]  [230, 126, 321]  [166]
82      [146, 389, 427, 108, 257, 2, 86]  [126, 321, 166]  [129]
83      [389, 427, 108, 257, 2, 86, 372]  [321, 166, 129]  [230]
84      [108, 257, 2, 86, 372, 151, 106]  [166, 129, 230]   [19]
85       [257, 2, 86, 372, 151, 106, 52]   [129, 230, 19]  [350]
86       [2, 86, 372, 151, 106, 52, 170]   [230, 19, 350]  [153]
87     [86, 372, 151, 106, 52, 170, 191]   [19, 350, 153]  [318]
88      [372, 151, 106, 52, 170, 191, 1]  [350, 153, 318]  [122]
89        [151, 106, 52, 170, 191, 1, 1]  [153, 318, 122]    [3]
90          [106, 52, 170, 191, 1, 1, 1]    [318, 122, 3]  [257]
91            [52, 170, 191, 1, 1, 1, 1]    [122, 3, 257]    [1]
92         [0, 0, 0, 106, 275, 274, 286]        [0, 0, 0]  [346]
93       [0, 0, 106, 275, 274, 286, 368]      [0, 0, 346]  [204]
94     [0, 106, 275, 274, 286, 368, 124]    [0, 346, 204]  [171]
95   [106, 275, 274, 286, 368, 124, 256]  [346, 204, 171]   [95]
96     [275, 274, 286, 368, 124, 256, 1]   [204, 171, 95]  [331]
97     [275, 274, 286, 368, 124, 256, 1]   [171, 95, 331]  [393]
98       [274, 286, 368, 124, 256, 1, 1]   [95, 331, 393]  [162]
99         [286, 368, 124, 256, 1, 1, 1]  [331, 393, 162]   [39]
100          [368, 124, 256, 1, 1, 1, 1]   [393, 162, 39]    [1]
101          [0, 0, 0, 107, 142, 60, 25]        [0, 0, 0]    [3]
102         [0, 0, 107, 142, 60, 25, 41]        [0, 0, 3]  [395]
103       [0, 107, 142, 60, 25, 41, 253]      [0, 3, 395]  [171]
104     [107, 142, 60, 25, 41, 253, 270]    [3, 395, 171]  [199]
105     [107, 142, 60, 25, 41, 253, 270]  [395, 171, 199]   [23]
106     [142, 60, 25, 41, 253, 270, 327]   [171, 199, 23]   [97]
107     [60, 25, 41, 253, 270, 327, 219]    [199, 23, 97]    [2]
108    [25, 41, 253, 270, 327, 219, 108]      [23, 97, 2]  [156]
109   [41, 253, 270, 327, 219, 108, 347]     [97, 2, 156]  [205]
110    [253, 270, 327, 219, 108, 347, 1]    [2, 156, 205]  [166]
111    [253, 270, 327, 219, 108, 347, 1]  [156, 205, 166]    [3]
112      [270, 327, 219, 108, 347, 1, 1]    [205, 166, 3]  [327]
113        [327, 219, 108, 347, 1, 1, 1]    [166, 3, 327]   [90]
114          [219, 108, 347, 1, 1, 1, 1]     [3, 327, 90]    [1]
115           [0, 0, 0, 106, 237, 2, 86]        [0, 0, 0]    [3]
116         [0, 0, 106, 237, 2, 86, 219]        [0, 0, 3]  [182]
117        [0, 106, 237, 2, 86, 219, 92]      [0, 3, 182]  [322]
118      [106, 237, 2, 86, 219, 92, 289]    [3, 182, 322]  [166]
119      [237, 2, 86, 219, 92, 289, 111]  [182, 322, 166]  [346]
120    [86, 219, 92, 289, 111, 129, 437]  [322, 166, 346]  [214]
121     [219, 92, 289, 111, 129, 437, 1]  [166, 346, 214]  [230]
122       [92, 289, 111, 129, 437, 1, 1]  [346, 214, 230]    [3]
123        [289, 111, 129, 437, 1, 1, 1]    [214, 230, 3]   [89]
124          [111, 129, 437, 1, 1, 1, 1]     [230, 3, 89]    [1]
125         [0, 0, 0, 106, 275, 286, 67]        [0, 0, 0]    [3]
126       [0, 0, 106, 275, 286, 67, 196]        [0, 0, 3]  [204]
127     [0, 106, 275, 286, 67, 196, 274]      [0, 3, 204]  [166]
128   [106, 275, 286, 67, 196, 274, 106]    [3, 204, 166]    [3]
129   [275, 286, 67, 196, 274, 106, 140]    [204, 166, 3]   [55]
130   [286, 67, 196, 274, 106, 140, 426]     [166, 3, 55]  [294]
131   [67, 196, 274, 106, 140, 426, 121]     [3, 55, 294]  [339]
132    [196, 274, 106, 140, 426, 121, 2]   [55, 294, 339]    [3]
133     [274, 106, 140, 426, 121, 2, 86]    [294, 339, 3]  [257]
134     [140, 426, 121, 2, 86, 371, 427]    [339, 3, 257]  [230]
135     [426, 121, 2, 86, 371, 427, 215]    [3, 257, 230]  [316]
136      [121, 2, 86, 371, 427, 215, 25]  [257, 230, 316]  [233]
137       [2, 86, 371, 427, 215, 25, 89]  [230, 316, 233]  [346]
138      [86, 371, 427, 215, 25, 89, 64]  [316, 233, 346]  [143]
139      [371, 427, 215, 25, 89, 64, 38]  [233, 346, 143]  [166]
140        [427, 215, 25, 89, 64, 38, 1]  [346, 143, 166]  [129]
141          [215, 25, 89, 64, 38, 1, 1]  [143, 166, 129]  [230]
142            [25, 89, 64, 38, 1, 1, 1]  [166, 129, 230]  [161]
143             [89, 64, 38, 1, 1, 1, 1]  [129, 230, 161]    [1]
144         [0, 0, 0, 265, 376, 427, 13]        [0, 0, 0]  [253]
145       [0, 0, 265, 376, 427, 13, 266]      [0, 0, 253]  [305]
146       [0, 0, 265, 376, 427, 13, 266]    [0, 253, 305]  [166]
147       [0, 265, 376, 427, 13, 266, 1]  [253, 305, 166]  [129]
148       [265, 376, 427, 13, 266, 1, 1]  [305, 166, 129]  [230]
149         [376, 427, 13, 266, 1, 1, 1]  [166, 129, 230]  [239]
150         [376, 427, 13, 266, 1, 1, 1]  [129, 230, 239]  [253]
151           [427, 13, 266, 1, 1, 1, 1]  [230, 239, 253]    [1]
152        [0, 0, 0, 106, 275, 286, 108]        [0, 0, 0]    [3]
153       [0, 0, 106, 275, 286, 108, 68]        [0, 0, 3]  [204]
154     [0, 106, 275, 286, 108, 68, 399]      [0, 3, 204]  [386]
155     [0, 106, 275, 286, 108, 68, 399]    [3, 204, 386]    [3]
156   [106, 275, 286, 108, 68, 399, 386]    [204, 386, 3]   [55]
157    [275, 286, 108, 68, 399, 386, 25]     [386, 3, 55]  [335]
158    [286, 108, 68, 399, 386, 25, 108]     [3, 55, 335]  [171]
159    [108, 68, 399, 386, 25, 108, 311]   [55, 335, 171]  [342]
160    [108, 68, 399, 386, 25, 108, 311]  [335, 171, 342]  [356]
161    [68, 399, 386, 25, 108, 311, 457]  [171, 342, 356]    [3]
162   [399, 386, 25, 108, 311, 457, 110]    [342, 356, 3]  [395]
163   [386, 25, 108, 311, 457, 110, 142]    [356, 3, 395]  [386]
164   [25, 108, 311, 457, 110, 142, 286]    [3, 395, 386]    [3]
165  [108, 311, 457, 110, 142, 286, 108]    [395, 386, 3]  [120]
166  [108, 311, 457, 110, 142, 286, 108]    [386, 3, 120]  [344]
167  [311, 457, 110, 142, 286, 108, 154]    [3, 120, 344]  [359]
168  [457, 110, 142, 286, 108, 154, 326]  [120, 344, 359]   [23]
169    [110, 142, 286, 108, 154, 326, 1]   [344, 359, 23]   [10]
170      [142, 286, 108, 154, 326, 1, 1]    [359, 23, 10]  [241]
171      [142, 286, 108, 154, 326, 1, 1]    [23, 10, 241]  [218]
172        [286, 108, 154, 326, 1, 1, 1]   [10, 241, 218]   [77]
173          [108, 154, 326, 1, 1, 1, 1]   [241, 218, 77]    [1]
174         [0, 0, 0, 461, 293, 10, 395]        [0, 0, 0]  [364]
175        [0, 0, 461, 293, 10, 395, 43]      [0, 0, 364]  [134]
176      [0, 461, 293, 10, 395, 43, 265]    [0, 364, 134]  [233]
177      [0, 461, 293, 10, 395, 43, 265]  [364, 134, 233]  [346]
178    [461, 293, 10, 395, 43, 265, 219]  [134, 233, 346]  [298]
179    [293, 10, 395, 43, 265, 219, 108]  [233, 346, 298]  [381]
180    [10, 395, 43, 265, 219, 108, 136]  [346, 298, 381]  [253]
181     [395, 43, 265, 219, 108, 136, 1]  [298, 381, 253]  [166]
182       [43, 265, 219, 108, 136, 1, 1]  [381, 253, 166]    [3]
183       [43, 265, 219, 108, 136, 1, 1]    [253, 166, 3]   [47]
184        [265, 219, 108, 136, 1, 1, 1]     [166, 3, 47]  [113]
185          [219, 108, 136, 1, 1, 1, 1]     [3, 47, 113]    [1]
186        [0, 0, 0, 461, 125, 388, 202]        [0, 0, 0]  [364]
187      [0, 0, 461, 125, 388, 202, 266]      [0, 0, 364]   [40]
188      [0, 461, 125, 388, 202, 266, 2]     [0, 364, 40]   [16]
189     [461, 125, 388, 202, 266, 2, 94]    [364, 40, 16]  [322]
190      [125, 388, 202, 266, 2, 94, 25]    [40, 16, 322]   [34]
191       [388, 202, 266, 2, 94, 25, 89]    [16, 322, 34]  [364]
192       [202, 266, 2, 94, 25, 89, 179]   [322, 34, 364]  [253]
193       [266, 2, 94, 25, 89, 179, 219]   [34, 364, 253]  [305]
194        [2, 94, 25, 89, 179, 219, 92]  [364, 253, 305]  [233]
195      [94, 25, 89, 179, 219, 92, 305]  [253, 305, 233]  [346]
196     [25, 89, 179, 219, 92, 305, 111]  [305, 233, 346]  [138]
197    [89, 179, 219, 92, 305, 111, 173]  [233, 346, 138]  [222]
198   [179, 219, 92, 305, 111, 173, 376]  [346, 138, 222]    [3]
199     [219, 92, 305, 111, 173, 376, 1]    [138, 222, 3]   [48]
                                       S                T      L
0         [92, 305, 111, 173, 376, 1, 1]     [222, 3, 48]  [230]
1          [305, 111, 173, 376, 1, 1, 1]     [3, 48, 230]  [384]
2            [111, 173, 376, 1, 1, 1, 1]   [48, 230, 384]    [1]
3            [0, 0, 0, 461, 9, 294, 376]        [0, 0, 0]  [364]
4           [0, 0, 461, 9, 294, 376, 25]      [0, 0, 364]  [232]
5          [0, 461, 9, 294, 376, 25, 89]    [0, 364, 232]  [211]
6        [461, 9, 294, 376, 25, 89, 232]  [364, 232, 211]  [305]
7          [9, 294, 376, 25, 89, 232, 1]  [232, 211, 305]  [233]
8          [294, 376, 25, 89, 232, 1, 1]  [211, 305, 233]  [346]
9            [376, 25, 89, 232, 1, 1, 1]  [305, 233, 346]   [92]
10             [25, 89, 232, 1, 1, 1, 1]   [233, 346, 92]    [1]
11          [0, 0, 0, 106, 275, 218, 18]        [0, 0, 0]    [3]
12        [0, 0, 106, 275, 218, 18, 411]        [0, 0, 3]  [204]
13      [0, 106, 275, 218, 18, 411, 461]      [0, 3, 204]  [166]
14    [106, 275, 218, 18, 411, 461, 294]    [3, 204, 166]    [3]
15    [275, 218, 18, 411, 461, 294, 286]    [204, 166, 3]  [333]
16    [218, 18, 411, 461, 294, 286, 312]    [166, 3, 333]   [11]
17    [18, 411, 461, 294, 286, 312, 448]     [3, 333, 11]  [364]
18     [411, 461, 294, 286, 312, 448, 2]   [333, 11, 364]  [211]
19      [461, 294, 286, 312, 448, 2, 94]   [11, 364, 211]  [166]
20        [294, 286, 312, 448, 2, 94, 1]  [364, 211, 166]  [237]
21          [286, 312, 448, 2, 94, 1, 1]  [211, 166, 237]  [373]
22            [312, 448, 2, 94, 1, 1, 1]  [166, 237, 373]  [322]
23              [448, 2, 94, 1, 1, 1, 1]  [237, 373, 322]    [1]
24         [0, 0, 0, 106, 245, 237, 349]        [0, 0, 0]    [3]
25       [0, 0, 106, 245, 237, 349, 109]        [0, 0, 3]  [309]
26     [0, 106, 245, 237, 349, 109, 384]      [0, 3, 309]   [68]
27    [106, 245, 237, 349, 109, 384, 94]     [3, 309, 68]  [274]
28    [245, 237, 349, 109, 384, 94, 397]   [309, 68, 274]    [3]
29    [237, 349, 109, 384, 94, 397, 114]     [68, 274, 3]  [329]
30      [349, 109, 384, 94, 397, 114, 1]    [274, 3, 329]   [96]
31        [109, 384, 94, 397, 114, 1, 1]     [3, 329, 96]  [346]
32          [384, 94, 397, 114, 1, 1, 1]   [329, 96, 346]  [328]
33            [94, 397, 114, 1, 1, 1, 1]   [96, 346, 328]    [1]
34           [0, 0, 0, 107, 142, 39, 92]        [0, 0, 0]    [3]
35         [0, 0, 107, 142, 39, 92, 178]        [0, 0, 3]  [395]
36       [0, 107, 142, 39, 92, 178, 102]      [0, 3, 395]   [23]
37     [107, 142, 39, 92, 178, 102, 214]     [3, 395, 23]  [137]
38     [142, 39, 92, 178, 102, 214, 310]   [395, 23, 137]  [394]
39      [92, 178, 102, 214, 310, 210, 1]   [23, 137, 394]    [3]
40       [178, 102, 214, 310, 210, 1, 1]    [137, 394, 3]   [62]
41         [102, 214, 310, 210, 1, 1, 1]     [394, 3, 62]  [233]
42           [214, 310, 210, 1, 1, 1, 1]     [3, 62, 233]    [1]
43          [0, 0, 0, 106, 463, 275, 60]        [0, 0, 0]   [10]
44       [0, 106, 463, 275, 60, 25, 109]       [0, 0, 10]  [102]
45      [106, 463, 275, 60, 25, 109, 32]     [0, 10, 102]  [204]
46         [275, 60, 25, 109, 32, 2, 92]   [10, 102, 204]  [247]
47         [60, 25, 109, 32, 2, 92, 457]  [102, 204, 247]    [3]
48       [109, 32, 2, 92, 457, 110, 397]    [204, 247, 3]   [27]
49       [32, 2, 92, 457, 110, 397, 201]     [247, 3, 27]  [107]
50      [92, 457, 110, 397, 201, 158, 1]     [3, 27, 107]    [3]
51       [457, 110, 397, 201, 158, 1, 1]     [27, 107, 3]  [328]
52           [397, 201, 158, 1, 1, 1, 1]    [107, 3, 328]    [1]
53           [0, 0, 0, 96, 142, 377, 25]        [0, 0, 0]  [351]
54         [0, 0, 96, 142, 377, 25, 110]      [0, 0, 351]  [395]
55       [0, 96, 142, 377, 25, 110, 392]    [0, 351, 395]  [171]
56       [0, 96, 142, 377, 25, 110, 392]  [351, 395, 171]  [310]
57       [96, 142, 377, 25, 110, 392, 2]  [395, 171, 310]   [11]
58      [142, 377, 25, 110, 392, 2, 271]   [171, 310, 11]  [342]
59      [377, 25, 110, 392, 2, 271, 411]   [310, 11, 342]  [233]
60      [25, 110, 392, 2, 271, 411, 386]   [11, 342, 233]  [346]
61      [25, 110, 392, 2, 271, 411, 386]  [342, 233, 346]  [256]
62      [110, 392, 2, 271, 411, 386, 10]  [233, 346, 256]  [389]
63      [392, 2, 271, 411, 386, 10, 402]  [346, 256, 389]  [305]
64        [2, 271, 411, 386, 10, 402, 1]  [256, 389, 305]  [233]
65        [271, 411, 386, 10, 402, 1, 1]  [389, 305, 233]    [3]
66        [271, 411, 386, 10, 402, 1, 1]    [305, 233, 3]  [325]
67          [411, 386, 10, 402, 1, 1, 1]    [233, 3, 325]  [380]
68            [386, 10, 402, 1, 1, 1, 1]    [3, 325, 380]    [1]
69         [0, 0, 0, 100, 209, 219, 108]        [0, 0, 0]  [353]
70       [0, 0, 100, 209, 219, 108, 128]      [0, 0, 353]   [94]
71      [0, 100, 209, 219, 108, 128, 59]     [0, 353, 94]  [166]
72     [100, 209, 219, 108, 128, 59, 25]   [353, 94, 166]    [3]
73     [209, 219, 108, 128, 59, 25, 121]     [94, 166, 3]  [111]
74     [219, 108, 128, 59, 25, 121, 218]    [166, 3, 111]  [199]
75     [219, 108, 128, 59, 25, 121, 218]    [3, 111, 199]   [23]
76     [108, 128, 59, 25, 121, 218, 179]   [111, 199, 23]  [316]
77       [128, 59, 25, 121, 218, 179, 1]   [199, 23, 316]  [166]
78         [59, 25, 121, 218, 179, 1, 1]   [23, 316, 166]  [346]
79          [25, 121, 218, 179, 1, 1, 1]  [316, 166, 346]  [138]
80           [121, 218, 179, 1, 1, 1, 1]  [166, 346, 138]    [1]
81           [0, 0, 0, 100, 238, 2, 461]        [0, 0, 0]  [353]
82         [0, 0, 100, 238, 2, 461, 293]      [0, 0, 353]   [69]
83       [0, 100, 238, 2, 461, 293, 411]     [0, 353, 69]    [2]
84       [0, 100, 238, 2, 461, 293, 411]     [353, 69, 2]  [364]
85     [100, 238, 2, 461, 293, 411, 106]     [69, 2, 364]  [134]
86     [238, 2, 461, 293, 411, 106, 228]    [2, 364, 134]   [11]
87       [2, 461, 293, 411, 106, 228, 2]   [364, 134, 11]  [234]
88     [461, 293, 411, 106, 228, 2, 388]   [134, 11, 234]   [50]
89     [293, 411, 106, 228, 2, 388, 219]    [11, 234, 50]    [2]
90     [293, 411, 106, 228, 2, 388, 219]     [234, 50, 2]  [166]
91     [411, 106, 228, 2, 388, 219, 233]     [50, 2, 166]  [208]
92     [106, 228, 2, 388, 219, 233, 393]    [2, 166, 208]   [19]
93      [228, 2, 388, 219, 233, 393, 25]   [166, 208, 19]  [320]
94       [2, 388, 219, 233, 393, 25, 89]   [208, 19, 320]    [2]
95     [388, 219, 233, 393, 25, 89, 315]     [19, 320, 2]  [322]
96     [388, 219, 233, 393, 25, 89, 315]    [320, 2, 322]  [233]
97     [219, 233, 393, 25, 89, 315, 111]    [2, 322, 233]  [346]
98     [233, 393, 25, 89, 315, 111, 182]  [322, 233, 346]  [150]
99     [393, 25, 89, 315, 111, 182, 328]  [233, 346, 150]  [118]
100      [25, 89, 315, 111, 182, 328, 1]  [346, 150, 118]  [230]
101       [89, 315, 111, 182, 328, 1, 1]  [150, 118, 230]    [3]
102       [89, 315, 111, 182, 328, 1, 1]    [118, 230, 3]  [188]
103        [315, 111, 182, 328, 1, 1, 1]    [230, 3, 188]  [282]
104          [111, 182, 328, 1, 1, 1, 1]    [3, 188, 282]    [1]
105        [0, 0, 0, 107, 142, 377, 219]        [0, 0, 0]    [3]
106      [0, 0, 107, 142, 377, 219, 108]        [0, 0, 3]  [395]
107    [0, 107, 142, 377, 219, 108, 465]      [0, 3, 395]  [304]
108    [0, 107, 142, 377, 219, 108, 465]    [3, 395, 304]  [233]
109   [107, 142, 377, 219, 108, 465, 78]  [395, 304, 233]    [3]
110    [142, 377, 219, 108, 465, 78, 25]    [304, 233, 3]  [119]
111    [377, 219, 108, 465, 78, 25, 108]    [233, 3, 119]  [268]
112     [219, 108, 465, 78, 25, 108, 63]    [3, 119, 268]   [23]
113       [108, 465, 78, 25, 108, 63, 1]   [119, 268, 23]    [3]
114         [465, 78, 25, 108, 63, 1, 1]     [268, 23, 3]   [84]
115         [465, 78, 25, 108, 63, 1, 1]      [23, 3, 84]   [74]
116           [78, 25, 108, 63, 1, 1, 1]      [3, 84, 74]  [297]
117            [25, 108, 63, 1, 1, 1, 1]    [84, 74, 297]    [1]
118         [0, 0, 0, 106, 228, 389, 11]        [0, 0, 0]    [3]
119       [0, 0, 106, 228, 389, 11, 110]        [0, 0, 3]   [50]
120     [0, 106, 228, 389, 11, 110, 176]       [0, 3, 50]  [323]
121   [106, 228, 389, 11, 110, 176, 235]     [3, 50, 323]   [38]
122   [228, 389, 11, 110, 176, 235, 398]    [50, 323, 38]    [3]
123   [389, 11, 110, 176, 235, 398, 300]     [323, 38, 3]  [275]
124   [11, 110, 176, 235, 398, 300, 108]     [38, 3, 275]   [23]
125  [110, 176, 235, 398, 300, 108, 165]     [3, 275, 23]    [3]
126    [176, 235, 398, 300, 108, 165, 1]     [275, 23, 3]  [136]
127      [235, 398, 300, 108, 165, 1, 1]     [23, 3, 136]  [181]
128        [398, 300, 108, 165, 1, 1, 1]    [3, 136, 181]  [360]
129          [300, 108, 165, 1, 1, 1, 1]  [136, 181, 360]    [1]
130        [0, 0, 0, 439, 445, 425, 389]        [0, 0, 0]    [3]
131       [0, 0, 439, 445, 425, 389, 25]        [0, 0, 3]  [390]
132     [0, 439, 445, 425, 389, 25, 110]      [0, 3, 390]   [42]
133     [0, 439, 445, 425, 389, 25, 110]     [3, 390, 42]  [171]
134   [439, 445, 425, 389, 25, 110, 206]   [390, 42, 171]  [322]
135     [445, 425, 389, 25, 110, 206, 1]   [42, 171, 322]  [233]
136       [425, 389, 25, 110, 206, 1, 1]  [171, 322, 233]    [3]
137       [425, 389, 25, 110, 206, 1, 1]    [322, 233, 3]  [397]
138         [389, 25, 110, 206, 1, 1, 1]    [233, 3, 397]  [260]
139           [25, 110, 206, 1, 1, 1, 1]    [3, 397, 260]    [1]
140        [0, 0, 0, 106, 408, 286, 394]        [0, 0, 0]  [348]
141      [0, 0, 106, 408, 286, 394, 383]      [0, 0, 348]  [171]
142      [0, 0, 106, 408, 286, 394, 383]    [0, 348, 171]    [3]
143    [0, 106, 408, 286, 394, 383, 427]    [348, 171, 3]  [145]
144  [106, 408, 286, 394, 383, 427, 110]    [171, 3, 145]  [386]
145  [106, 408, 286, 394, 383, 427, 110]    [3, 145, 386]  [324]
146  [408, 286, 394, 383, 427, 110, 431]  [145, 386, 324]  [262]
147  [408, 286, 394, 383, 427, 110, 431]  [386, 324, 262]  [346]
148  [286, 394, 383, 427, 110, 431, 323]  [324, 262, 346]  [363]
149    [394, 383, 427, 110, 431, 323, 1]  [262, 346, 363]  [166]
150    [394, 383, 427, 110, 431, 323, 1]  [346, 363, 166]  [129]
151      [383, 427, 110, 431, 323, 1, 1]  [363, 166, 129]  [230]
152        [427, 110, 431, 323, 1, 1, 1]  [166, 129, 230]    [3]
153        [427, 110, 431, 323, 1, 1, 1]    [129, 230, 3]  [217]
154          [110, 431, 323, 1, 1, 1, 1]    [230, 3, 217]    [1]
155        [0, 0, 0, 461, 229, 219, 417]        [0, 0, 0]  [364]
156      [0, 0, 461, 229, 219, 417, 247]      [0, 0, 364]  [402]
157    [0, 461, 229, 219, 417, 247, 410]    [0, 364, 402]   [51]
158    [0, 461, 229, 219, 417, 247, 410]   [364, 402, 51]    [2]
159  [461, 229, 219, 417, 247, 410, 106]     [402, 51, 2]  [386]
160  [229, 219, 417, 247, 410, 106, 126]     [51, 2, 386]  [179]
161  [229, 219, 417, 247, 410, 106, 126]    [2, 386, 179]  [367]
162  [219, 417, 247, 410, 106, 126, 198]  [386, 179, 367]    [2]
163    [417, 247, 410, 106, 126, 198, 1]    [179, 367, 2]   [71]
164      [247, 410, 106, 126, 198, 1, 1]     [367, 2, 71]   [18]
165        [410, 106, 126, 198, 1, 1, 1]      [2, 71, 18]    [3]
166        [410, 106, 126, 198, 1, 1, 1]      [71, 18, 3]  [372]
167          [106, 126, 198, 1, 1, 1, 1]     [18, 3, 372]    [1]
168         [0, 0, 0, 106, 61, 293, 219]        [0, 0, 0]    [3]
169       [0, 0, 106, 61, 293, 219, 336]        [0, 0, 3]  [402]
170     [0, 106, 61, 293, 219, 336, 306]      [0, 3, 402]   [45]
171    [106, 61, 293, 219, 336, 306, 60]     [3, 402, 45]  [133]
172     [61, 293, 219, 336, 306, 60, 25]   [402, 45, 133]  [166]
173    [293, 219, 336, 306, 60, 25, 107]   [45, 133, 166]    [3]
174    [219, 336, 306, 60, 25, 107, 181]    [133, 166, 3]  [259]
175    [336, 306, 60, 25, 107, 181, 177]    [166, 3, 259]  [294]
176    [306, 60, 25, 107, 181, 177, 341]    [3, 259, 294]  [200]
177     [60, 25, 107, 181, 177, 341, 48]  [259, 294, 200]   [23]
178    [25, 107, 181, 177, 341, 48, 117]   [294, 200, 23]    [3]
179    [107, 181, 177, 341, 48, 117, 25]     [200, 23, 3]  [188]
180    [181, 177, 341, 48, 117, 25, 217]     [23, 3, 188]  [269]
181     [177, 341, 48, 117, 25, 217, 22]    [3, 188, 269]  [206]
182       [341, 48, 117, 25, 217, 22, 1]  [188, 269, 206]  [233]
183         [48, 117, 25, 217, 22, 1, 1]  [269, 206, 233]  [159]
184          [117, 25, 217, 22, 1, 1, 1]  [206, 233, 159]   [17]
185            [25, 217, 22, 1, 1, 1, 1]   [233, 159, 17]    [1]
186        [0, 0, 0, 106, 442, 161, 275]        [0, 0, 0]    [3]
187      [0, 0, 106, 442, 161, 275, 286]        [0, 0, 3]  [204]
188      [0, 0, 106, 442, 161, 275, 286]      [0, 3, 204]   [97]
189     [0, 106, 442, 161, 275, 286, 70]     [3, 204, 97]  [166]
190   [106, 442, 161, 275, 286, 70, 221]   [204, 97, 166]  [390]
191   [106, 442, 161, 275, 286, 70, 221]   [97, 166, 390]   [11]
192   [442, 161, 275, 286, 70, 221, 121]   [166, 390, 11]  [393]
193     [161, 275, 286, 70, 221, 121, 1]   [390, 11, 393]  [135]
194     [161, 275, 286, 70, 221, 121, 1]   [11, 393, 135]  [154]
195       [275, 286, 70, 221, 121, 1, 1]  [393, 135, 154]  [316]
196         [286, 70, 221, 121, 1, 1, 1]  [135, 154, 316]  [356]
197         [286, 70, 221, 121, 1, 1, 1]  [154, 316, 356]  [100]
198           [70, 221, 121, 1, 1, 1, 1]  [316, 356, 100]    [1]
199         [0, 0, 0, 106, 275, 16, 426]        [0, 0, 0]    [3]
                                       S                T      L
0         [0, 0, 106, 275, 16, 426, 108]        [0, 0, 3]  [204]
1       [0, 106, 275, 16, 426, 108, 395]      [0, 3, 204]  [171]
2      [106, 275, 16, 426, 108, 395, 28]    [3, 204, 171]  [114]
3      [275, 16, 426, 108, 395, 28, 219]  [204, 171, 114]  [231]
4      [16, 426, 108, 395, 28, 219, 108]  [171, 114, 231]    [3]
5     [426, 108, 395, 28, 219, 108, 182]    [114, 231, 3]   [33]
6     [108, 395, 28, 219, 108, 182, 172]     [231, 3, 33]  [170]
7       [395, 28, 219, 108, 182, 172, 2]     [3, 33, 170]    [3]
8       [28, 219, 108, 182, 172, 2, 451]     [33, 170, 3]  [188]
9      [219, 108, 182, 172, 2, 451, 106]    [170, 3, 188]   [48]
10     [108, 182, 172, 2, 451, 106, 228]     [3, 188, 48]  [230]
11     [182, 172, 2, 451, 106, 228, 219]   [188, 48, 230]  [384]
12     [172, 2, 451, 106, 228, 219, 303]   [48, 230, 384]  [389]
13       [2, 451, 106, 228, 219, 303, 7]  [230, 384, 389]    [3]
14     [451, 106, 228, 219, 303, 7, 457]    [384, 389, 3]  [402]
15     [106, 228, 219, 303, 7, 457, 441]    [389, 3, 402]   [50]
16     [228, 219, 303, 7, 457, 441, 113]     [3, 402, 50]   [63]
17     [219, 303, 7, 457, 441, 113, 106]    [402, 50, 63]    [3]
18     [303, 7, 457, 441, 113, 106, 301]      [50, 63, 3]  [223]
19     [7, 457, 441, 113, 106, 301, 406]     [63, 3, 223]  [226]
20     [457, 441, 113, 106, 301, 406, 1]    [3, 223, 226]  [358]
21       [441, 113, 106, 301, 406, 1, 1]  [223, 226, 358]  [109]
22         [113, 106, 301, 406, 1, 1, 1]  [226, 358, 109]   [24]
23           [106, 301, 406, 1, 1, 1, 1]   [358, 109, 24]    [1]
24           [0, 0, 0, 92, 379, 389, 27]        [0, 0, 0]  [346]
25           [0, 0, 92, 379, 389, 27, 2]      [0, 0, 346]  [315]
26         [0, 92, 379, 389, 27, 2, 451]    [0, 346, 315]  [171]
27       [92, 379, 389, 27, 2, 451, 115]  [346, 315, 171]  [322]
28       [379, 389, 27, 2, 451, 115, 94]  [315, 171, 322]  [343]
29       [389, 27, 2, 451, 115, 94, 428]  [171, 322, 343]   [21]
30       [27, 2, 451, 115, 94, 428, 283]   [322, 343, 21]  [155]
31       [2, 451, 115, 94, 428, 283, 44]   [343, 21, 155]  [228]
32       [451, 115, 94, 428, 283, 44, 1]   [21, 155, 228]  [346]
33         [115, 94, 428, 283, 44, 1, 1]  [155, 228, 346]  [252]
34           [94, 428, 283, 44, 1, 1, 1]  [228, 346, 252]  [253]
35            [428, 283, 44, 1, 1, 1, 1]  [346, 252, 253]    [1]
36         [0, 0, 0, 106, 230, 275, 218]        [0, 0, 0]    [3]
37        [0, 0, 106, 230, 275, 218, 18]        [0, 0, 3]  [402]
38      [0, 106, 230, 275, 218, 18, 149]      [0, 3, 402]  [204]
39     [106, 230, 275, 218, 18, 149, 39]    [3, 402, 204]  [166]
40     [230, 275, 218, 18, 149, 39, 121]  [402, 204, 166]    [3]
41       [275, 218, 18, 149, 39, 121, 2]    [204, 166, 3]  [333]
42        [218, 18, 149, 39, 121, 2, 86]    [166, 3, 333]  [322]
43        [18, 149, 39, 121, 2, 86, 107]    [3, 333, 322]  [240]
44       [149, 39, 121, 2, 86, 107, 255]  [333, 322, 240]  [128]
45       [39, 121, 2, 86, 107, 255, 457]  [322, 240, 128]  [346]
46      [121, 2, 86, 107, 255, 457, 367]  [240, 128, 346]   [83]
47      [2, 86, 107, 255, 457, 367, 348]   [128, 346, 83]    [2]
48      [86, 107, 255, 457, 367, 348, 2]     [346, 83, 2]   [23]
49     [107, 255, 457, 367, 348, 2, 219]      [83, 2, 23]  [388]
50      [255, 457, 367, 348, 2, 219, 92]     [2, 23, 388]   [14]
51      [457, 367, 348, 2, 219, 92, 278]    [23, 388, 14]  [356]
52       [367, 348, 2, 219, 92, 278, 25]   [388, 14, 356]   [32]
53         [348, 2, 219, 92, 278, 25, 1]    [14, 356, 32]   [10]
54           [2, 219, 92, 278, 25, 1, 1]    [356, 32, 10]   [19]
55           [219, 92, 278, 25, 1, 1, 1]     [32, 10, 19]  [104]
56             [92, 278, 25, 1, 1, 1, 1]    [10, 19, 104]    [1]
57            [0, 0, 0, 106, 275, 2, 92]        [0, 0, 0]    [3]
58          [0, 0, 106, 275, 2, 92, 414]        [0, 0, 3]  [204]
59       [106, 275, 2, 92, 414, 108, 36]      [0, 3, 204]  [271]
60       [275, 2, 92, 414, 108, 36, 308]    [3, 204, 271]  [130]
61       [2, 92, 414, 108, 36, 308, 458]  [204, 271, 130]   [36]
62       [92, 414, 108, 36, 308, 458, 1]   [271, 130, 36]    [3]
63          [108, 36, 308, 458, 1, 1, 1]     [130, 36, 3]  [362]
64            [36, 308, 458, 1, 1, 1, 1]     [36, 3, 362]    [1]
65           [0, 0, 0, 106, 362, 208, 2]        [0, 0, 0]    [3]
66          [0, 0, 106, 362, 208, 2, 92]        [0, 0, 3]   [43]
67        [0, 106, 362, 208, 2, 92, 121]       [0, 3, 43]   [93]
68      [106, 362, 208, 2, 92, 121, 218]      [3, 43, 93]  [171]
69      [362, 208, 2, 92, 121, 218, 280]    [43, 93, 171]   [76]
70      [208, 2, 92, 121, 218, 280, 194]    [93, 171, 76]  [240]
71        [2, 92, 121, 218, 280, 194, 2]   [171, 76, 240]  [230]
72      [92, 121, 218, 280, 194, 2, 251]   [76, 240, 230]  [346]
73      [121, 218, 280, 194, 2, 251, 28]  [240, 230, 346]  [229]
74      [121, 218, 280, 194, 2, 251, 28]  [230, 346, 229]  [384]
75       [218, 280, 194, 2, 251, 28, 89]  [346, 229, 384]  [233]
76       [280, 194, 2, 251, 28, 89, 281]  [229, 384, 233]  [346]
77        [194, 2, 251, 28, 89, 281, 11]  [384, 233, 346]   [33]
78         [2, 251, 28, 89, 281, 11, 91]   [233, 346, 33]  [393]
79       [251, 28, 89, 281, 11, 91, 395]   [346, 33, 393]  [316]
80         [28, 89, 281, 11, 91, 395, 1]   [33, 393, 316]  [166]
81          [89, 281, 11, 91, 395, 1, 1]  [393, 316, 166]  [174]
82           [281, 11, 91, 395, 1, 1, 1]  [316, 166, 174]  [216]
83             [11, 91, 395, 1, 1, 1, 1]  [166, 174, 216]    [1]
84         [0, 0, 0, 461, 242, 238, 382]        [0, 0, 0]  [364]
85        [0, 0, 461, 242, 238, 382, 10]      [0, 0, 364]  [402]
86      [0, 461, 242, 238, 382, 10, 395]    [0, 364, 402]   [69]
87      [461, 242, 238, 382, 10, 395, 2]   [364, 402, 69]   [16]
88      [242, 238, 382, 10, 395, 2, 106]    [402, 69, 16]  [262]
89      [238, 382, 10, 395, 2, 106, 275]    [69, 16, 262]  [233]
90      [382, 10, 395, 2, 106, 275, 373]   [16, 262, 233]  [346]
91      [382, 10, 395, 2, 106, 275, 373]  [262, 233, 346]   [33]
92      [10, 395, 2, 106, 275, 373, 457]   [233, 346, 33]  [389]
93       [395, 2, 106, 275, 373, 457, 1]   [346, 33, 389]    [3]
94         [2, 106, 275, 373, 457, 1, 1]     [33, 389, 3]  [204]
95         [106, 275, 373, 457, 1, 1, 1]    [389, 3, 204]  [382]
96           [275, 373, 457, 1, 1, 1, 1]    [3, 204, 382]    [1]
97          [0, 0, 0, 107, 184, 377, 10]        [0, 0, 0]    [3]
98        [0, 0, 107, 184, 377, 10, 395]        [0, 0, 3]  [144]
99      [0, 107, 184, 377, 10, 395, 411]      [0, 3, 144]  [230]
100     [0, 107, 184, 377, 10, 395, 411]    [3, 144, 230]  [253]
101    [107, 184, 377, 10, 395, 411, 44]  [144, 230, 253]   [16]
102     [184, 377, 10, 395, 411, 44, 94]   [230, 253, 16]  [305]
103      [377, 10, 395, 411, 44, 94, 62]   [253, 16, 305]   [23]
104      [377, 10, 395, 411, 44, 94, 62]    [16, 305, 23]    [3]
105       [10, 395, 411, 44, 94, 62, 15]     [305, 23, 3]   [33]
106        [395, 411, 44, 94, 62, 15, 1]      [23, 3, 33]  [383]
107          [411, 44, 94, 62, 15, 1, 1]     [3, 33, 383]  [346]
108          [411, 44, 94, 62, 15, 1, 1]   [33, 383, 346]   [46]
109            [44, 94, 62, 15, 1, 1, 1]   [383, 346, 46]   [12]
110             [94, 62, 15, 1, 1, 1, 1]    [346, 46, 12]    [1]
111         [0, 0, 0, 461, 228, 84, 382]        [0, 0, 0]  [364]
112       [0, 0, 461, 228, 84, 382, 219]      [0, 0, 364]  [402]
113     [0, 461, 228, 84, 382, 219, 108]    [0, 364, 402]  [184]
114   [461, 228, 84, 382, 219, 108, 332]  [364, 402, 184]  [261]
115   [228, 84, 382, 219, 108, 332, 344]  [402, 184, 261]   [67]
116     [84, 382, 219, 108, 332, 344, 1]   [184, 261, 67]  [166]
117      [382, 219, 108, 332, 344, 1, 1]   [261, 67, 166]    [3]
118        [219, 108, 332, 344, 1, 1, 1]     [67, 166, 3]  [279]
119          [108, 332, 344, 1, 1, 1, 1]    [166, 3, 279]    [1]
120        [0, 0, 0, 106, 317, 286, 108]        [0, 0, 0]    [3]
121      [0, 0, 106, 317, 286, 108, 261]        [0, 0, 3]  [255]
122    [0, 106, 317, 286, 108, 261, 444]      [0, 3, 255]  [386]
123  [106, 317, 286, 108, 261, 444, 196]    [3, 255, 386]    [3]
124  [317, 286, 108, 261, 444, 196, 436]    [255, 386, 3]  [197]
125  [286, 108, 261, 444, 196, 436, 121]    [386, 3, 197]  [390]
126  [108, 261, 444, 196, 436, 121, 286]    [3, 197, 390]  [294]
127  [444, 196, 436, 121, 286, 108, 164]  [197, 390, 294]  [171]
128  [196, 436, 121, 286, 108, 164, 122]  [390, 294, 171]  [387]
129    [436, 121, 286, 108, 164, 122, 1]  [294, 171, 387]  [393]
130      [121, 286, 108, 164, 122, 1, 1]  [171, 387, 393]  [400]
131        [286, 108, 164, 122, 1, 1, 1]  [387, 393, 400]  [352]
132          [108, 164, 122, 1, 1, 1, 1]  [393, 400, 352]    [1]
133        [0, 0, 0, 461, 143, 226, 411]        [0, 0, 0]  [364]
134      [0, 0, 461, 143, 226, 411, 100]      [0, 0, 364]  [396]
135    [0, 461, 143, 226, 411, 100, 294]    [0, 364, 396]   [16]
136    [0, 461, 143, 226, 411, 100, 294]   [364, 396, 16]  [177]
137  [461, 143, 226, 411, 100, 294, 157]   [396, 16, 177]   [11]
138   [143, 226, 411, 100, 294, 157, 25]    [16, 177, 11]  [353]
139   [226, 411, 100, 294, 157, 25, 108]   [177, 11, 353]  [211]
140   [226, 411, 100, 294, 157, 25, 108]   [11, 353, 211]   [16]
141   [411, 100, 294, 157, 25, 108, 130]   [353, 211, 16]  [378]
142     [100, 294, 157, 25, 108, 130, 1]   [211, 16, 378]  [233]
143       [294, 157, 25, 108, 130, 1, 1]   [16, 378, 233]    [3]
144       [294, 157, 25, 108, 130, 1, 1]    [378, 233, 3]   [89]
145         [157, 25, 108, 130, 1, 1, 1]     [233, 3, 89]  [361]
146           [25, 108, 130, 1, 1, 1, 1]     [3, 89, 361]    [1]
147         [0, 0, 0, 95, 375, 360, 160]        [0, 0, 0]  [349]
148       [0, 0, 95, 375, 360, 160, 438]      [0, 0, 349]   [16]
149     [0, 95, 375, 360, 160, 438, 288]     [0, 349, 16]  [396]
150   [95, 375, 360, 160, 438, 288, 110]   [349, 16, 396]  [210]
151   [375, 360, 160, 438, 288, 110, 55]   [16, 396, 210]  [230]
152     [360, 160, 438, 288, 110, 55, 2]  [396, 210, 230]    [3]
153      [160, 438, 288, 110, 55, 2, 94]    [210, 230, 3]  [219]
154      [438, 288, 110, 55, 2, 94, 427]    [230, 3, 219]  [334]
155      [288, 110, 55, 2, 94, 427, 108]    [3, 219, 334]   [97]
156      [110, 55, 2, 94, 427, 108, 329]   [219, 334, 97]  [166]
157      [110, 55, 2, 94, 427, 108, 329]   [334, 97, 166]   [43]
158      [55, 2, 94, 427, 108, 329, 420]    [97, 166, 43]   [11]
159     [2, 94, 427, 108, 329, 420, 155]    [166, 43, 11]   [64]
160   [94, 427, 108, 329, 420, 155, 339]     [43, 11, 64]  [278]
161  [427, 108, 329, 420, 155, 339, 123]    [11, 64, 278]  [116]
162  [108, 329, 420, 155, 339, 123, 405]   [64, 278, 116]  [242]
163    [329, 420, 155, 339, 123, 405, 1]  [278, 116, 242]   [10]
164      [420, 155, 339, 123, 405, 1, 1]   [116, 242, 10]  [238]
165        [155, 339, 123, 405, 1, 1, 1]   [242, 10, 238]   [58]
166          [339, 123, 405, 1, 1, 1, 1]    [10, 238, 58]    [1]
167         [0, 0, 0, 107, 424, 127, 49]        [0, 0, 0]    [3]
168       [0, 0, 107, 424, 127, 49, 107]        [0, 0, 3]  [108]
169     [0, 107, 424, 127, 49, 107, 138]      [0, 3, 108]  [230]
170   [107, 424, 127, 49, 107, 138, 346]    [3, 108, 230]  [124]
171     [424, 127, 49, 107, 138, 346, 1]  [108, 230, 124]  [382]
172     [424, 127, 49, 107, 138, 346, 1]  [230, 124, 382]   [10]
173       [127, 49, 107, 138, 346, 1, 1]   [124, 382, 10]    [8]
174         [49, 107, 138, 346, 1, 1, 1]     [382, 10, 8]  [300]
175          [107, 138, 346, 1, 1, 1, 1]     [10, 8, 300]    [1]
176           [0, 0, 0, 107, 317, 2, 94]        [0, 0, 0]    [3]
177         [0, 0, 107, 317, 2, 94, 109]        [0, 0, 3]  [255]
178       [0, 107, 317, 2, 94, 109, 243]      [0, 3, 255]  [163]
179      [317, 2, 94, 109, 243, 208, 11]    [3, 255, 163]    [3]
180       [2, 94, 109, 243, 208, 11, 92]    [255, 163, 3]  [309]
181     [94, 109, 243, 208, 11, 92, 264]    [163, 3, 309]   [93]
182      [243, 208, 11, 92, 264, 211, 2]     [3, 309, 93]  [233]
183       [208, 11, 92, 264, 211, 2, 51]   [309, 93, 233]    [3]
184       [11, 92, 264, 211, 2, 51, 371]     [93, 233, 3]  [190]
185      [92, 264, 211, 2, 51, 371, 298]    [233, 3, 190]  [171]
186     [264, 211, 2, 51, 371, 298, 427]    [3, 190, 171]   [37]
187     [2, 51, 371, 298, 427, 411, 373]   [190, 171, 37]  [244]
188   [51, 371, 298, 427, 411, 373, 340]   [171, 37, 244]   [11]
189  [371, 298, 427, 411, 373, 340, 103]    [37, 244, 11]  [199]
190      [427, 411, 373, 340, 103, 1, 1]   [244, 11, 199]  [354]
191        [411, 373, 340, 103, 1, 1, 1]   [11, 199, 354]  [173]
192          [373, 340, 103, 1, 1, 1, 1]  [199, 354, 173]    [1]
193           [0, 0, 0, 106, 69, 208, 2]        [0, 0, 0]    [3]
194          [0, 0, 106, 69, 208, 2, 92]        [0, 0, 3]   [55]
195      [106, 69, 208, 2, 92, 106, 363]       [0, 3, 55]   [93]
196      [69, 208, 2, 92, 106, 363, 307]      [3, 55, 93]   [64]
197     [208, 2, 92, 106, 363, 307, 406]     [55, 93, 64]    [3]
198       [2, 92, 106, 363, 307, 406, 1]      [93, 64, 3]   [43]
199        [106, 363, 307, 406, 1, 1, 1]      [64, 3, 43]  [227]
                                       S                T      L
0            [363, 307, 406, 1, 1, 1, 1]     [3, 43, 227]    [1]
1            [0, 0, 0, 106, 244, 228, 2]        [0, 0, 0]    [3]
2           [0, 0, 106, 244, 228, 2, 92]        [0, 0, 3]  [127]
3         [0, 106, 244, 228, 2, 92, 371]      [0, 3, 127]  [195]
4       [106, 244, 228, 2, 92, 371, 152]    [3, 127, 195]   [50]
5        [228, 2, 92, 371, 152, 79, 411]   [127, 195, 50]   [35]
6        [2, 92, 371, 152, 79, 411, 426]    [195, 50, 35]  [273]
7      [92, 371, 152, 79, 411, 426, 368]    [50, 35, 273]  [370]
8     [371, 152, 79, 411, 426, 368, 418]   [35, 273, 370]   [11]
9      [152, 79, 411, 426, 368, 418, 28]   [273, 370, 11]  [240]
10     [79, 411, 426, 368, 418, 28, 108]   [370, 11, 240]  [230]
11    [411, 426, 368, 418, 28, 108, 365]   [11, 240, 230]    [3]
12    [426, 368, 418, 28, 108, 365, 174]    [240, 230, 3]  [266]
13      [418, 28, 108, 365, 174, 449, 1]    [230, 3, 266]   [61]
14        [28, 108, 365, 174, 449, 1, 1]     [3, 266, 61]  [162]
15         [108, 365, 174, 449, 1, 1, 1]   [266, 61, 162]  [110]
16           [365, 174, 449, 1, 1, 1, 1]   [61, 162, 110]    [1]
17            [0, 0, 0, 106, 275, 2, 92]        [0, 0, 0]    [3]
18          [0, 0, 106, 275, 2, 92, 427]        [0, 0, 3]  [204]
19        [0, 106, 275, 2, 92, 427, 282]      [0, 3, 204]  [322]
20      [106, 275, 2, 92, 427, 282, 131]    [3, 204, 322]  [166]
21      [275, 2, 92, 427, 282, 131, 452]  [204, 322, 166]  [129]
22      [2, 92, 427, 282, 131, 452, 389]  [322, 166, 129]  [230]
23      [92, 427, 282, 131, 452, 389, 1]  [166, 129, 230]  [291]
24       [427, 282, 131, 452, 389, 1, 1]  [129, 230, 291]   [70]
25         [282, 131, 452, 389, 1, 1, 1]   [230, 291, 70]  [106]
26           [131, 452, 389, 1, 1, 1, 1]   [291, 70, 106]    [1]
27         [0, 0, 0, 461, 318, 411, 106]        [0, 0, 0]  [364]
28       [0, 0, 461, 318, 411, 106, 244]      [0, 0, 364]  [253]
29     [0, 461, 318, 411, 106, 244, 445]    [0, 364, 253]   [11]
30     [0, 461, 318, 411, 106, 244, 445]   [364, 253, 11]    [3]
31   [461, 318, 411, 106, 244, 445, 208]     [253, 11, 3]  [309]
32   [318, 411, 106, 244, 445, 208, 382]     [11, 3, 309]  [390]
33   [411, 106, 244, 445, 208, 382, 218]    [3, 309, 390]   [93]
34   [106, 244, 445, 208, 382, 218, 314]   [309, 390, 93]   [16]
35     [244, 445, 208, 382, 218, 314, 1]    [390, 93, 16]  [262]
36       [445, 208, 382, 218, 314, 1, 1]    [93, 16, 262]   [23]
37       [445, 208, 382, 218, 314, 1, 1]    [16, 262, 23]  [346]
38         [208, 382, 218, 314, 1, 1, 1]   [262, 23, 346]  [251]
39           [382, 218, 314, 1, 1, 1, 1]   [23, 346, 251]    [1]
40         [0, 0, 0, 461, 294, 286, 260]        [0, 0, 0]  [364]
41       [0, 0, 461, 294, 286, 260, 190]      [0, 0, 364]  [211]
42     [0, 461, 294, 286, 260, 190, 376]    [0, 364, 211]  [393]
43    [461, 294, 286, 260, 190, 376, 25]  [364, 211, 393]  [196]
44     [294, 286, 260, 190, 376, 25, 89]  [211, 393, 196]  [146]
45     [294, 286, 260, 190, 376, 25, 89]  [393, 196, 146]   [16]
46      [286, 260, 190, 376, 25, 89, 64]   [196, 146, 16]  [305]
47        [260, 190, 376, 25, 89, 64, 1]   [146, 16, 305]  [233]
48          [190, 376, 25, 89, 64, 1, 1]   [16, 305, 233]  [346]
49            [376, 25, 89, 64, 1, 1, 1]  [305, 233, 346]  [143]
50              [25, 89, 64, 1, 1, 1, 1]  [233, 346, 143]    [1]
51           [0, 0, 0, 288, 110, 55, 59]        [0, 0, 0]  [210]
52          [0, 0, 288, 110, 55, 59, 25]      [0, 0, 210]  [230]
53          [0, 0, 288, 110, 55, 59, 25]    [0, 210, 230]    [3]
54        [0, 288, 110, 55, 59, 25, 216]    [210, 230, 3]   [52]
55      [288, 110, 55, 59, 25, 216, 304]     [230, 3, 52]   [28]
56        [110, 55, 59, 25, 216, 304, 1]      [3, 52, 28]  [198]
57        [110, 55, 59, 25, 216, 304, 1]    [52, 28, 198]   [23]
58          [55, 59, 25, 216, 304, 1, 1]    [28, 198, 23]  [347]
59           [59, 25, 216, 304, 1, 1, 1]   [198, 23, 347]  [293]
60           [59, 25, 216, 304, 1, 1, 1]   [23, 347, 293]  [218]
61            [25, 216, 304, 1, 1, 1, 1]  [347, 293, 218]    [1]
62         [0, 0, 0, 106, 275, 219, 110]        [0, 0, 0]    [3]
63        [0, 0, 106, 275, 219, 110, 21]        [0, 0, 3]  [204]
64      [0, 106, 275, 219, 110, 21, 383]      [0, 3, 204]  [171]
65    [106, 275, 219, 110, 21, 383, 106]    [3, 204, 171]  [262]
66     [275, 219, 110, 21, 383, 106, 99]  [204, 171, 262]    [3]
67     [275, 219, 110, 21, 383, 106, 99]    [171, 262, 3]   [91]
68       [219, 110, 21, 383, 106, 99, 4]     [262, 3, 91]  [131]
69         [110, 21, 383, 106, 99, 4, 1]     [3, 91, 131]  [166]
70           [21, 383, 106, 99, 4, 1, 1]   [91, 131, 166]   [10]
71            [383, 106, 99, 4, 1, 1, 1]   [131, 166, 10]   [15]
72              [106, 99, 4, 1, 1, 1, 1]    [166, 10, 15]    [1]
73         [0, 0, 0, 107, 184, 360, 161]        [0, 0, 0]    [3]
74       [0, 0, 107, 184, 360, 161, 143]        [0, 0, 3]  [144]
75       [0, 107, 184, 360, 161, 143, 2]      [0, 3, 144]  [230]
76       [0, 107, 184, 360, 161, 143, 2]    [3, 144, 230]  [396]
77      [107, 184, 360, 161, 143, 2, 94]  [144, 230, 396]   [97]
78      [184, 360, 161, 143, 2, 94, 427]   [230, 396, 97]  [166]
79      [360, 161, 143, 2, 94, 427, 108]   [396, 97, 166]   [43]
80      [161, 143, 2, 94, 427, 108, 182]    [97, 166, 43]  [262]
81      [161, 143, 2, 94, 427, 108, 182]   [166, 43, 262]  [219]
82      [143, 2, 94, 427, 108, 182, 155]   [43, 262, 219]  [169]
83      [2, 94, 427, 108, 182, 155, 292]  [262, 219, 169]  [166]
84    [94, 427, 108, 182, 155, 292, 382]  [219, 169, 166]  [129]
85     [427, 108, 182, 155, 292, 382, 1]  [169, 166, 129]  [230]
86       [108, 182, 155, 292, 382, 1, 1]  [166, 129, 230]    [3]
87       [108, 182, 155, 292, 382, 1, 1]    [129, 230, 3]  [188]
88         [182, 155, 292, 382, 1, 1, 1]    [230, 3, 188]   [58]
89           [155, 292, 382, 1, 1, 1, 1]     [3, 188, 58]    [1]
90          [0, 0, 0, 106, 275, 377, 25]        [0, 0, 0]  [234]
91        [0, 0, 106, 275, 377, 25, 108]      [0, 0, 234]  [204]
92        [0, 0, 106, 275, 377, 25, 108]    [0, 234, 204]  [171]
93      [0, 106, 275, 377, 25, 108, 359]  [234, 204, 171]  [305]
94      [106, 275, 377, 25, 108, 359, 2]  [204, 171, 305]  [233]
95      [106, 275, 377, 25, 108, 359, 2]  [171, 305, 233]  [359]
96      [275, 377, 25, 108, 359, 2, 451]  [305, 233, 359]  [230]
97      [377, 25, 108, 359, 2, 451, 106]  [233, 359, 230]    [3]
98       [25, 108, 359, 2, 451, 106, 14]    [359, 230, 3]  [288]
99       [25, 108, 359, 2, 451, 106, 14]    [230, 3, 288]   [60]
100     [108, 359, 2, 451, 106, 14, 275]     [3, 288, 60]    [2]
101     [359, 2, 451, 106, 14, 275, 286]     [288, 60, 2]  [389]
102     [359, 2, 451, 106, 14, 275, 286]     [60, 2, 389]   [13]
103     [2, 451, 106, 14, 275, 286, 316]     [2, 389, 13]  [204]
104   [451, 106, 14, 275, 286, 316, 196]   [389, 13, 204]    [2]
105   [451, 106, 14, 275, 286, 316, 196]     [13, 204, 2]  [386]
106   [106, 14, 275, 286, 316, 196, 101]    [204, 2, 386]    [3]
107   [14, 275, 286, 316, 196, 101, 389]      [2, 386, 3]  [209]
108    [275, 286, 316, 196, 101, 389, 1]    [386, 3, 209]  [294]
109    [275, 286, 316, 196, 101, 389, 1]    [3, 209, 294]    [2]
110      [286, 316, 196, 101, 389, 1, 1]    [209, 294, 2]  [171]
111        [316, 196, 101, 389, 1, 1, 1]    [294, 2, 171]  [322]
112        [316, 196, 101, 389, 1, 1, 1]    [2, 171, 322]  [168]
113          [196, 101, 389, 1, 1, 1, 1]  [171, 322, 168]    [1]
114            [0, 0, 0, 90, 433, 85, 2]        [0, 0, 0]   [87]
115           [0, 0, 90, 433, 85, 2, 87]       [0, 0, 87]  [375]
116       [90, 433, 85, 2, 87, 322, 216]     [0, 87, 375]  [122]
117       [433, 85, 2, 87, 322, 216, 37]   [87, 375, 122]  [346]
118       [85, 2, 87, 322, 216, 37, 364]  [375, 122, 346]  [265]
119       [2, 87, 322, 216, 37, 364, 91]  [122, 346, 265]  [356]
120    [322, 216, 37, 364, 91, 156, 321]  [346, 265, 356]  [157]
121    [216, 37, 364, 91, 156, 321, 171]  [265, 356, 157]  [347]
122    [37, 364, 91, 156, 321, 171, 411]  [356, 157, 347]  [141]
123      [91, 156, 321, 171, 411, 71, 6]  [157, 347, 141]    [6]
124     [156, 321, 171, 411, 71, 6, 223]    [347, 141, 6]  [264]
125      [321, 171, 411, 71, 6, 223, 26]    [141, 6, 264]  [236]
126        [171, 411, 71, 6, 223, 26, 1]    [6, 264, 236]   [11]
127            [71, 6, 223, 26, 1, 1, 1]   [264, 236, 11]   [56]
128             [6, 223, 26, 1, 1, 1, 1]    [236, 11, 56]    [1]
129            [0, 0, 0, 90, 433, 85, 2]        [0, 0, 0]   [87]
130           [0, 0, 90, 433, 85, 2, 87]       [0, 0, 87]  [375]
131       [90, 433, 85, 2, 87, 322, 216]     [0, 87, 375]  [122]
132       [433, 85, 2, 87, 322, 216, 37]   [87, 375, 122]  [346]
133       [85, 2, 87, 322, 216, 37, 364]  [375, 122, 346]  [265]
134       [2, 87, 322, 216, 37, 364, 91]  [122, 346, 265]  [356]
135    [322, 216, 37, 364, 91, 156, 321]  [346, 265, 356]  [157]
136    [216, 37, 364, 91, 156, 321, 171]  [265, 356, 157]  [347]
137    [37, 364, 91, 156, 321, 171, 411]  [356, 157, 347]  [141]
138      [91, 156, 321, 171, 411, 71, 6]  [157, 347, 141]    [6]
139     [156, 321, 171, 411, 71, 6, 223]    [347, 141, 6]  [264]
140      [321, 171, 411, 71, 6, 223, 26]    [141, 6, 264]  [236]
141        [171, 411, 71, 6, 223, 26, 1]    [6, 264, 236]   [11]
142            [71, 6, 223, 26, 1, 1, 1]   [264, 236, 11]   [56]
143             [6, 223, 26, 1, 1, 1, 1]    [236, 11, 56]    [1]
144            [0, 0, 0, 90, 433, 85, 2]        [0, 0, 0]   [87]
145           [0, 0, 90, 433, 85, 2, 87]       [0, 0, 87]  [375]
146       [90, 433, 85, 2, 87, 322, 216]     [0, 87, 375]  [122]
147       [433, 85, 2, 87, 322, 216, 37]   [87, 375, 122]  [346]
148       [85, 2, 87, 322, 216, 37, 364]  [375, 122, 346]  [265]
149       [2, 87, 322, 216, 37, 364, 91]  [122, 346, 265]  [356]
150    [322, 216, 37, 364, 91, 156, 321]  [346, 265, 356]  [157]
151    [216, 37, 364, 91, 156, 321, 171]  [265, 356, 157]  [347]
152    [37, 364, 91, 156, 321, 171, 411]  [356, 157, 347]  [141]
153      [91, 156, 321, 171, 411, 71, 6]  [157, 347, 141]    [6]
154     [156, 321, 171, 411, 71, 6, 223]    [347, 141, 6]  [264]
155      [321, 171, 411, 71, 6, 223, 26]    [141, 6, 264]  [236]
156        [171, 411, 71, 6, 223, 26, 1]    [6, 264, 236]   [11]
157            [71, 6, 223, 26, 1, 1, 1]   [264, 236, 11]   [56]
158             [6, 223, 26, 1, 1, 1, 1]    [236, 11, 56]    [1]
159            [0, 0, 0, 90, 433, 85, 2]        [0, 0, 0]   [87]
160           [0, 0, 90, 433, 85, 2, 87]       [0, 0, 87]  [375]
161       [90, 433, 85, 2, 87, 322, 216]     [0, 87, 375]  [122]
162       [433, 85, 2, 87, 322, 216, 37]   [87, 375, 122]  [346]
163       [85, 2, 87, 322, 216, 37, 364]  [375, 122, 346]  [265]
164       [2, 87, 322, 216, 37, 364, 91]  [122, 346, 265]  [356]
165    [322, 216, 37, 364, 91, 156, 321]  [346, 265, 356]  [157]
166    [216, 37, 364, 91, 156, 321, 171]  [265, 356, 157]  [347]
167    [37, 364, 91, 156, 321, 171, 411]  [356, 157, 347]  [141]
168      [91, 156, 321, 171, 411, 71, 6]  [157, 347, 141]    [6]
169     [156, 321, 171, 411, 71, 6, 223]    [347, 141, 6]  [264]
170      [321, 171, 411, 71, 6, 223, 26]    [141, 6, 264]  [236]
171        [171, 411, 71, 6, 223, 26, 1]    [6, 264, 236]   [11]
172            [71, 6, 223, 26, 1, 1, 1]   [264, 236, 11]   [56]
173             [6, 223, 26, 1, 1, 1, 1]    [236, 11, 56]    [1]
174            [0, 0, 0, 90, 433, 85, 2]        [0, 0, 0]   [87]
175           [0, 0, 90, 433, 85, 2, 87]       [0, 0, 87]  [375]
176       [90, 433, 85, 2, 87, 322, 216]     [0, 87, 375]  [122]
177       [433, 85, 2, 87, 322, 216, 37]   [87, 375, 122]  [346]
178       [85, 2, 87, 322, 216, 37, 364]  [375, 122, 346]  [265]
179       [2, 87, 322, 216, 37, 364, 91]  [122, 346, 265]  [356]
180    [322, 216, 37, 364, 91, 156, 321]  [346, 265, 356]  [157]
181    [216, 37, 364, 91, 156, 321, 171]  [265, 356, 157]  [347]
182    [37, 364, 91, 156, 321, 171, 411]  [356, 157, 347]  [141]
183      [91, 156, 321, 171, 411, 71, 6]  [157, 347, 141]    [6]
184     [156, 321, 171, 411, 71, 6, 223]    [347, 141, 6]  [264]
185      [321, 171, 411, 71, 6, 223, 26]    [141, 6, 264]  [236]
186        [171, 411, 71, 6, 223, 26, 1]    [6, 264, 236]   [11]
187            [71, 6, 223, 26, 1, 1, 1]   [264, 236, 11]   [56]
188             [6, 223, 26, 1, 1, 1, 1]    [236, 11, 56]    [1]
189            [0, 0, 0, 90, 433, 85, 2]        [0, 0, 0]   [87]
190           [0, 0, 90, 433, 85, 2, 87]       [0, 0, 87]  [375]
191       [90, 433, 85, 2, 87, 322, 216]     [0, 87, 375]  [122]
192       [433, 85, 2, 87, 322, 216, 37]   [87, 375, 122]  [346]
193       [85, 2, 87, 322, 216, 37, 364]  [375, 122, 346]  [265]
194       [2, 87, 322, 216, 37, 364, 91]  [122, 346, 265]  [356]
195    [322, 216, 37, 364, 91, 156, 321]  [346, 265, 356]  [157]
196    [216, 37, 364, 91, 156, 321, 171]  [265, 356, 157]  [347]
197    [37, 364, 91, 156, 321, 171, 411]  [356, 157, 347]  [141]
198      [91, 156, 321, 171, 411, 71, 6]  [157, 347, 141]    [6]
199     [156, 321, 171, 411, 71, 6, 223]    [347, 141, 6]  [264]
